
Running Spatter version 0.4
Compiler: GNU ver. 5.4.0
Compiler Location: /usr/bin/cc
Backend: CUDA
Aggregate Results? YES
Device: Tesla K40c

Run Configurations
[ {'name':'HYDRO:1024', 'kernel':'Gather', 'pattern':[0,4092,4096,4100,8192,1049600,1052669,1052672,1052675,1055744,2099200,2101246,2101248,2101250,2103296,3148800,3149823,3149824,3149825,3150848,4194300,4194304,4194308,4195325,4195328,4195331,4196350,4196352,4196354,4197375,4197376,4197377,4198396,4198397,4198398,4198399,4198400,4198401,4198402,4198403,4198404,4199423,4199424,4199425,4200446,4200448,4200450,4201469,4201472,4201475,4202492,4202496,4202500,5245952,5246975,5246976,5246977,5248000,6293504,6295550,6295552,6295554,6297600,7341056,7344125,7344128,7344131,7347200,8388608,8392700,8392704,8392708,8396800], 'delta':1, 'length':134217728, 'agg':10, 'wrap':1, },
  {'name':'HYDRO:1024', 'kernel':'Gather', 'pattern':[0,4092,4096,4100,8192,1049600,1052669,1052672,1052675,1055744,2099200,2101246,2101248,2101250,2103296,3148800,3149823,3149824,3149825,3150848,4194300,4194304,4194308,4195325,4195328,4195331,4196350,4196352,4196354,4197375,4197376,4197377,4198396,4198397,4198398,4198399,4198400,4198401,4198402,4198403,4198404,4199423,4199424,4199425,4200446,4200448,4200450,4201469,4201472,4201475,4202492,4202496,4202500,5245952,5246975,5246976,5246977,5248000,6293504,6295550,6295552,6295554,6297600,7341056,7344125,7344128,7344131,7347200,8388608,8392700,8392704,8392708,8396800], 'delta':1, 'length':134217728, 'agg':10, 'wrap':1, , 'morton':1},
  {'name':'HYDRO:1024', 'kernel':'Gather', 'pattern':[0,4092,4096,4100,8192,1049600,1052669,1052672,1052675,1055744,2099200,2101246,2101248,2101250,2103296,3148800,3149823,3149824,3149825,3150848,4194300,4194304,4194308,4195325,4195328,4195331,4196350,4196352,4196354,4197375,4197376,4197377,4198396,4198397,4198398,4198399,4198400,4198401,4198402,4198403,4198404,4199423,4199424,4199425,4200446,4200448,4200450,4201469,4201472,4201475,4202492,4202496,4202500,5245952,5246975,5246976,5246977,5248000,6293504,6295550,6295552,6295554,6297600,7341056,7344125,7344128,7344131,7347200,8388608,8392700,8392704,8392708,8396800], 'delta':1, 'length':134235396, 'agg':10, 'wrap':1, , 'morton':2},
  {'name':'HYDRO:1024', 'kernel':'Gather', 'pattern':[0,4092,4096,4100,8192,1049600,1052669,1052672,1052675,1055744,2099200,2101246,2101248,2101250,2103296,3148800,3149823,3149824,3149825,3150848,4194300,4194304,4194308,4195325,4195328,4195331,4196350,4196352,4196354,4197375,4197376,4197377,4198396,4198397,4198398,4198399,4198400,4198401,4198402,4198403,4198404,4199423,4199424,4199425,4200446,4200448,4200450,4201469,4201472,4201475,4202492,4202496,4202500,5245952,5246975,5246976,5246977,5248000,6293504,6295550,6295552,6295554,6297600,7341056,7344125,7344128,7344131,7347200,8388608,8392700,8392704,8392708,8396800], 'delta':1, 'length':134217728, 'agg':10, 'wrap':1, , 'morton':3} ]

config  time(s)      bw(MB/s)    
0       1.227        63906.6     
1       1.394        56230.5     
2       1.435        54614.7     
3       1.409        55631.8     

Min         25%          Med          75%          Max         
54614.7      55631.8      56230.5      63906.6      63906.6     
H.Mean       H.StdErr    
57374.6      1721.02     
Mem used: 2624 MiB
