
Running Spatter version 0.4
Compiler: SPAT_C_NAME ver. 19.0.0.20190206
Compiler Location: /opt/intel/bin/icc
Backend: OPENMP
Aggregate Results? YES

PAPI Counters: 3
{ "ctr0":"perf::L1-DCACHE-LOADS",
  "ctr1":"perf::L1-DCACHE-LOAD-MISSES",
  "ctr2":"perf::LLC-LOAD-MISSES" }

Run Configurations
[ {'name':'HYDRO:512', 'kernel':'Gather', 'pattern':[0,2044,2048,2052,4096,262656,264189,264192,264195,265728,525312,526334,526336,526338,527360,787968,788479,788480,788481,788992,1048572,1048576,1048580,1049085,1049088,1049091,1049598,1049600,1049602,1050111,1050112,1050113,1050620,1050621,1050622,1050623,1050624,1050625,1050626,1050627,1050628,1051135,1051136,1051137,1051646,1051648,1051650,1052157,1052160,1052163,1052668,1052672,1052676,1312256,1312767,1312768,1312769,1313280,1573888,1574910,1574912,1574914,1575936,1835520,1837053,1837056,1837059,1838592,2097152,2099196,2099200,2099204,2101248], 'delta':1, 'length':134217728, 'agg':10, 'wrap':1, 'threads':24},
  {'name':'HYDRO:512', 'kernel':'Gather', 'pattern':[0,2044,2048,2052,4096,262656,264189,264192,264195,265728,525312,526334,526336,526338,527360,787968,788479,788480,788481,788992,1048572,1048576,1048580,1049085,1049088,1049091,1049598,1049600,1049602,1050111,1050112,1050113,1050620,1050621,1050622,1050623,1050624,1050625,1050626,1050627,1050628,1051135,1051136,1051137,1051646,1051648,1051650,1052157,1052160,1052163,1052668,1052672,1052676,1312256,1312767,1312768,1312769,1313280,1573888,1574910,1574912,1574914,1575936,1835520,1837053,1837056,1837059,1838592,2097152,2099196,2099200,2099204,2101248], 'delta':1, 'length':134217728, 'agg':10, 'wrap':1, 'threads':24, 'morton':1},
  {'name':'HYDRO:512', 'kernel':'Gather', 'pattern':[0,2044,2048,2052,4096,262656,264189,264192,264195,265728,525312,526334,526336,526338,527360,787968,788479,788480,788481,788992,1048572,1048576,1048580,1049085,1049088,1049091,1049598,1049600,1049602,1050111,1050112,1050113,1050620,1050621,1050622,1050623,1050624,1050625,1050626,1050627,1050628,1051135,1051136,1051137,1051646,1051648,1051650,1052157,1052160,1052163,1052668,1052672,1052676,1312256,1312767,1312768,1312769,1313280,1573888,1574910,1574912,1574914,1575936,1835520,1837053,1837056,1837059,1838592,2097152,2099196,2099200,2099204,2101248], 'delta':1, 'length':134235396, 'agg':10, 'wrap':1, 'threads':24, 'morton':2},
  {'name':'HYDRO:512', 'kernel':'Gather', 'pattern':[0,2044,2048,2052,4096,262656,264189,264192,264195,265728,525312,526334,526336,526338,527360,787968,788479,788480,788481,788992,1048572,1048576,1048580,1049085,1049088,1049091,1049598,1049600,1049602,1050111,1050112,1050113,1050620,1050621,1050622,1050623,1050624,1050625,1050626,1050627,1050628,1051135,1051136,1051137,1051646,1051648,1051650,1052157,1052160,1052163,1052668,1052672,1052676,1312256,1312767,1312768,1312769,1313280,1573888,1574910,1574912,1574914,1575936,1835520,1837053,1837056,1837059,1838592,2097152,2099196,2099200,2099204,2101248], 'delta':1, 'length':134217728, 'agg':10, 'wrap':1, 'threads':24, 'morton':3} ]

config  time(s)      bw(MB/s)     ctr0         ctr1         ctr2        
0       0.3641       215290       629749828    141943010    266093      
1       0.3813       205582       642948500    144169542    260461      
2       1.281        61190.5      807615278    148717604    13758438    
3       0.5364       146117       678841933    152606177    1193432     

Min         25%          Med          75%          Max         
61190.5      146117       205582       215290       215290      
H.Mean       H.StdErr    
122342       35871.4     
