
Running Spatter version 0.4
Compiler: SPAT_C_NAME ver. 19.0.0.20190206
Compiler Location: /opt_local/intel/bin/icc
Backend: OPENMP
Aggregate Results? YES

PAPI Counters: 4
{ "ctr0":"perf::L1-DCACHE-LOADS",
  "ctr1":"perf::L1-DCACHE-LOAD-MISSES",
  "ctr2":"perf::LLC-LOADS",
  "ctr3":"perf::LLC-LOAD-MISSES" }

Run Configurations
[ {'name':'HYDRO:512', 'kernel':'Gather', 'pattern':[0,2044,2048,2052,4096,262656,264189,264192,264195,265728,525312,526334,526336,526338,527360,787968,788479,788480,788481,788992,1048572,1048576,1048580,1049085,1049088,1049091,1049598,1049600,1049602,1050111,1050112,1050113,1050620,1050621,1050622,1050623,1050624,1050625,1050626,1050627,1050628,1051135,1051136,1051137,1051646,1051648,1051650,1052157,1052160,1052163,1052668,1052672,1052676,1312256,1312767,1312768,1312769,1313280,1573888,1574910,1574912,1574914,1575936,1835520,1837053,1837056,1837059,1838592,2097152,2099196,2099200,2099204,2101248], 'delta':1, 'length':134217728, 'agg':10, 'wrap':1, 'threads':12},
  {'name':'HYDRO:200', 'kernel':'Gather', 'pattern':[0,796,800,804,1600,40200,40797,40800,40803,41400,80400,80798,80800,80802,81200,120600,120799,120800,120801,121000,159996,160000,160004,160197,160200,160203,160398,160400,160402,160599,160600,160601,160796,160797,160798,160799,160800,160801,160802,160803,160804,160999,161000,161001,161198,161200,161202,161397,161400,161403,161596,161600,161604,200600,200799,200800,200801,201000,240400,240798,240800,240802,241200,280200,280797,280800,280803,281400,320000,320796,320800,320804,321600], 'delta':1, 'length':134217728, 'agg':10, 'wrap':1, 'threads':12, 'morton':1},
  {'name':'HYDRO:512', 'kernel':'Gather', 'pattern':[0,2044,2048,2052,4096,262656,264189,264192,264195,265728,525312,526334,526336,526338,527360,787968,788479,788480,788481,788992,1048572,1048576,1048580,1049085,1049088,1049091,1049598,1049600,1049602,1050111,1050112,1050113,1050620,1050621,1050622,1050623,1050624,1050625,1050626,1050627,1050628,1051135,1051136,1051137,1051646,1051648,1051650,1052157,1052160,1052163,1052668,1052672,1052676,1312256,1312767,1312768,1312769,1313280,1573888,1574910,1574912,1574914,1575936,1835520,1837053,1837056,1837059,1838592,2097152,2099196,2099200,2099204,2101248], 'delta':1, 'length':134235396, 'agg':10, 'wrap':1, 'threads':12, 'morton':2},
  {'name':'HYDRO:512', 'kernel':'Gather', 'pattern':[0,2044,2048,2052,4096,262656,264189,264192,264195,265728,525312,526334,526336,526338,527360,787968,788479,788480,788481,788992,1048572,1048576,1048580,1049085,1049088,1049091,1049598,1049600,1049602,1050111,1050112,1050113,1050620,1050621,1050622,1050623,1050624,1050625,1050626,1050627,1050628,1051135,1051136,1051137,1051646,1051648,1051650,1052157,1052160,1052163,1052668,1052672,1052676,1312256,1312767,1312768,1312769,1313280,1573888,1574910,1574912,1574914,1575936,1835520,1837053,1837056,1837059,1838592,2097152,2099196,2099200,2099204,2101248], 'delta':1, 'length':134217728, 'agg':10, 'wrap':1, 'threads':12, 'morton':3} ]

config  time(s)      bw(MB/s)     ctr0         ctr1         ctr2         ctr3        
0       0.7079       110728       1260640760   303483712    3785950      261050      
1       0.5207       150532       1281435051   48077203     240110       57713       
2       1.629        48115.6      1455862197   305840476    49119350     26158179    
3       0.9097       86161.3      1341986280   312846503    79300059     1027993     

Min         25%          Med          75%          Max         
48115.6      86161.3      110728       150532       150532      
H.Mean       H.StdErr    
83222.9      18553       
