
Running Spatter version 0.4
Compiler: GNU ver. 5.4.0
Compiler Location: /usr/bin/gcc
Backend: OPENMP
Aggregate Results? YES

PAPI Counters: 4
{ "ctr0":"perf::L1-DCACHE-LOADS",
  "ctr1":"perf::L1-DCACHE-LOAD-MISSES",
  "ctr2":"perf::LLC-LOADS",
  "ctr3":"perf::LLC-LOAD-MISSES" }

Run Configurations
[ {'name':'XKP:512', 'kernel':'Gather', 'pattern':[0,2044,2048,2052,4096,262656,264189,264192,264195,265728,525312,526334,526336,526338,527360,787968,788479,788480,788481,788992,1048572,1048576,1048580,1049085,1049088,1049091,1049598,1049600,1049602,1050111,1050112,1050113,1050620,1050621,1050622,1050623,1050624,1050625,1050626,1050627,1050628,1051135,1051136,1051137,1051646,1051648,1051650,1052157,1052160,1052163,1052668,1052672,1052676,1312256,1312767,1312768,1312769,1313280,1573888,1574910,1574912,1574914,1575936,1835520,1837053,1837056,1837059,1838592,2097152,2099196,2099200,2099204,2101248], 'delta':1, 'length':134217728, 'agg':10, 'wrap':1, 'threads':8, 'morton':1, 'mblock':1},
  {'name':'XKP:512', 'kernel':'Gather', 'pattern':[0,2044,2048,2052,4096,262656,264189,264192,264195,265728,525312,526334,526336,526338,527360,787968,788479,788480,788481,788992,1048572,1048576,1048580,1049085,1049088,1049091,1049598,1049600,1049602,1050111,1050112,1050113,1050620,1050621,1050622,1050623,1050624,1050625,1050626,1050627,1050628,1051135,1051136,1051137,1051646,1051648,1051650,1052157,1052160,1052163,1052668,1052672,1052676,1312256,1312767,1312768,1312769,1313280,1573888,1574910,1574912,1574914,1575936,1835520,1837053,1837056,1837059,1838592,2097152,2099196,2099200,2099204,2101248], 'delta':1, 'length':134217728, 'agg':10, 'wrap':1, 'threads':8, 'morton':3, 'mblock':1},
  {'name':'XKP:512', 'kernel':'Gather', 'pattern':[0,2044,2048,2052,4096,262656,264189,264192,264195,265728,525312,526334,526336,526338,527360,787968,788479,788480,788481,788992,1048572,1048576,1048580,1049085,1049088,1049091,1049598,1049600,1049602,1050111,1050112,1050113,1050620,1050621,1050622,1050623,1050624,1050625,1050626,1050627,1050628,1051135,1051136,1051137,1051646,1051648,1051650,1052157,1052160,1052163,1052668,1052672,1052676,1312256,1312767,1312768,1312769,1313280,1573888,1574910,1574912,1574914,1575936,1835520,1837053,1837056,1837059,1838592,2097152,2099196,2099200,2099204,2101248], 'delta':1, 'length':134217728, 'agg':10, 'wrap':1, 'threads':8, 'morton':3, 'mblock':4},
  {'name':'XKP:512', 'kernel':'Gather', 'pattern':[0,2044,2048,2052,4096,262656,264189,264192,264195,265728,525312,526334,526336,526338,527360,787968,788479,788480,788481,788992,1048572,1048576,1048580,1049085,1049088,1049091,1049598,1049600,1049602,1050111,1050112,1050113,1050620,1050621,1050622,1050623,1050624,1050625,1050626,1050627,1050628,1051135,1051136,1051137,1051646,1051648,1051650,1052157,1052160,1052163,1052668,1052672,1052676,1312256,1312767,1312768,1312769,1313280,1573888,1574910,1574912,1574914,1575936,1835520,1837053,1837056,1837059,1838592,2097152,2099196,2099200,2099204,2101248], 'delta':1, 'length':134217728, 'agg':10, 'wrap':1, 'threads':8, 'morton':3, 'mblock':8},
  {'name':'XKP:512', 'kernel':'Gather', 'pattern':[0,2044,2048,2052,4096,262656,264189,264192,264195,265728,525312,526334,526336,526338,527360,787968,788479,788480,788481,788992,1048572,1048576,1048580,1049085,1049088,1049091,1049598,1049600,1049602,1050111,1050112,1050113,1050620,1050621,1050622,1050623,1050624,1050625,1050626,1050627,1050628,1051135,1051136,1051137,1051646,1051648,1051650,1052157,1052160,1052163,1052668,1052672,1052676,1312256,1312767,1312768,1312769,1313280,1573888,1574910,1574912,1574914,1575936,1835520,1837053,1837056,1837059,1838592,2097152,2099196,2099200,2099204,2101248], 'delta':1, 'length':134217728, 'agg':10, 'wrap':1, 'threads':8, 'morton':3, 'mblock':16},
  {'name':'XKP:512', 'kernel':'Gather', 'pattern':[0,2044,2048,2052,4096,262656,264189,264192,264195,265728,525312,526334,526336,526338,527360,787968,788479,788480,788481,788992,1048572,1048576,1048580,1049085,1049088,1049091,1049598,1049600,1049602,1050111,1050112,1050113,1050620,1050621,1050622,1050623,1050624,1050625,1050626,1050627,1050628,1051135,1051136,1051137,1051646,1051648,1051650,1052157,1052160,1052163,1052668,1052672,1052676,1312256,1312767,1312768,1312769,1313280,1573888,1574910,1574912,1574914,1575936,1835520,1837053,1837056,1837059,1838592,2097152,2099196,2099200,2099204,2101248], 'delta':1, 'length':134217728, 'agg':10, 'wrap':1, 'threads':8, 'morton':3, 'mblock':32},
  {'name':'XKP:512', 'kernel':'Gather', 'pattern':[0,2044,2048,2052,4096,262656,264189,264192,264195,265728,525312,526334,526336,526338,527360,787968,788479,788480,788481,788992,1048572,1048576,1048580,1049085,1049088,1049091,1049598,1049600,1049602,1050111,1050112,1050113,1050620,1050621,1050622,1050623,1050624,1050625,1050626,1050627,1050628,1051135,1051136,1051137,1051646,1051648,1051650,1052157,1052160,1052163,1052668,1052672,1052676,1312256,1312767,1312768,1312769,1313280,1573888,1574910,1574912,1574914,1575936,1835520,1837053,1837056,1837059,1838592,2097152,2099196,2099200,2099204,2101248], 'delta':1, 'length':134217728, 'agg':10, 'wrap':1, 'threads':8, 'morton':3, 'mblock':64},
  {'name':'XKP:512', 'kernel':'Gather', 'pattern':[0,2044,2048,2052,4096,262656,264189,264192,264195,265728,525312,526334,526336,526338,527360,787968,788479,788480,788481,788992,1048572,1048576,1048580,1049085,1049088,1049091,1049598,1049600,1049602,1050111,1050112,1050113,1050620,1050621,1050622,1050623,1050624,1050625,1050626,1050627,1050628,1051135,1051136,1051137,1051646,1051648,1051650,1052157,1052160,1052163,1052668,1052672,1052676,1312256,1312767,1312768,1312769,1313280,1573888,1574910,1574912,1574914,1575936,1835520,1837053,1837056,1837059,1838592,2097152,2099196,2099200,2099204,2101248], 'delta':1, 'length':134217728, 'agg':10, 'wrap':1, 'threads':8, 'morton':3, 'mblock':128},
  {'name':'XKP:512', 'kernel':'Gather', 'pattern':[0,2044,2048,2052,4096,262656,264189,264192,264195,265728,525312,526334,526336,526338,527360,787968,788479,788480,788481,788992,1048572,1048576,1048580,1049085,1049088,1049091,1049598,1049600,1049602,1050111,1050112,1050113,1050620,1050621,1050622,1050623,1050624,1050625,1050626,1050627,1050628,1051135,1051136,1051137,1051646,1051648,1051650,1052157,1052160,1052163,1052668,1052672,1052676,1312256,1312767,1312768,1312769,1313280,1573888,1574910,1574912,1574914,1575936,1835520,1837053,1837056,1837059,1838592,2097152,2099196,2099200,2099204,2101248], 'delta':1, 'length':134217728, 'agg':10, 'wrap':1, 'threads':8, 'morton':3, 'mblock':256} ]

config  time(s)      bw(MB/s)     ctr0         ctr1         ctr2         ctr3        
0       3.832        20455.4      2467577174   849489451    98807048     9058856     
1       4.674        16770        2467634655   903470001    181975026    7769652     
2       4.193        18695.3      2467454043   881549523    148050138    9228347     
3       4.076        19232.7      2467451148   898622193    175766388    13947290    
4       3.834        20444.8      2468220601   884716410    163108420    13421130    
5       3.824        20499.8      2467908854   881638700    127494352    11546887    
6       3.819        20522.9      2468107960   896972672    103201287    8060081     
7       3.698        21197        2468092941   879167643    102038467    20741536    
8       3.831        20461.5      2468437828   890432060    92278406     15042726    

Min         25%          Med          75%          Max         
16770        19232.7      20455.4      20499.8      21197       
H.Mean       H.StdErr    
19716.5      471.228  
