
Running Spatter version 0.4
Compiler: GNU ver. 5.5.0
Compiler Location: /usr/bin/cc
Backend: CUDA
Aggregate Results? YES
Device: Tesla P100-PCIE-16GB

Run Configurations
[ {'name':'UNIFORM:512:1:NR', 'kernel':'Gather', 'pattern':[0,1,2,3,4,5,6,7,8,9,10,11,12,13,14,15,16,17,18,19,20,21,22,23,24,25,26,27,28,29,30,31,32,33,34,35,36,37,38,39,40,41,42,43,44,45,46,47,48,49,50,51,52,53,54,55,56,57,58,59,60,61,62,63,64,65,66,67,68,69,70,71,72,73,74,75,76,77,78,79,80,81,82,83,84,85,86,87,88,89,90,91,92,93,94,95,96,97,98,99,100,101,102,103,104,105,106,107,108,109,110,111,112,113,114,115,116,117,118,119,120,121,122,123,124,125,126,127,128,129,130,131,132,133,134,135,136,137,138,139,140,141,142,143,144,145,146,147,148,149,150,151,152,153,154,155,156,157,158,159,160,161,162,163,164,165,166,167,168,169,170,171,172,173,174,175,176,177,178,179,180,181,182,183,184,185,186,187,188,189,190,191,192,193,194,195,196,197,198,199,200,201,202,203,204,205,206,207,208,209,210,211,212,213,214,215,216,217,218,219,220,221,222,223,224,225,226,227,228,229,230,231,232,233,234,235,236,237,238,239,240,241,242,243,244,245,246,247,248,249,250,251,252,253,254,255,256,257,258,259,260,261,262,263,264,265,266,267,268,269,270,271,272,273,274,275,276,277,278,279,280,281,282,283,284,285,286,287,288,289,290,291,292,293,294,295,296,297,298,299,300,301,302,303,304,305,306,307,308,309,310,311,312,313,314,315,316,317,318,319,320,321,322,323,324,325,326,327,328,329,330,331,332,333,334,335,336,337,338,339,340,341,342,343,344,345,346,347,348,349,350,351,352,353,354,355,356,357,358,359,360,361,362,363,364,365,366,367,368,369,370,371,372,373,374,375,376,377,378,379,380,381,382,383,384,385,386,387,388,389,390,391,392,393,394,395,396,397,398,399,400,401,402,403,404,405,406,407,408,409,410,411,412,413,414,415,416,417,418,419,420,421,422,423,424,425,426,427,428,429,430,431,432,433,434,435,436,437,438,439,440,441,442,443,444,445,446,447,448,449,450,451,452,453,454,455,456,457,458,459,460,461,462,463,464,465,466,467,468,469,470,471,472,473,474,475,476,477,478,479,480,481,482,483,484,485,486,487,488,489,490,491,492,493,494,495,496,497,498,499,500,501,502,503,504,505,506,507,508,509,510,511], 'delta':512, 'length':2097152, 'agg':25, 'wrap':1, 'stride_kernel':1},
  {'name':'UNIFORM:512:1:NR', 'kernel':'Gather', 'pattern':[0,1,2,3,4,5,6,7,8,9,10,11,12,13,14,15,16,17,18,19,20,21,22,23,24,25,26,27,28,29,30,31,32,33,34,35,36,37,38,39,40,41,42,43,44,45,46,47,48,49,50,51,52,53,54,55,56,57,58,59,60,61,62,63,64,65,66,67,68,69,70,71,72,73,74,75,76,77,78,79,80,81,82,83,84,85,86,87,88,89,90,91,92,93,94,95,96,97,98,99,100,101,102,103,104,105,106,107,108,109,110,111,112,113,114,115,116,117,118,119,120,121,122,123,124,125,126,127,128,129,130,131,132,133,134,135,136,137,138,139,140,141,142,143,144,145,146,147,148,149,150,151,152,153,154,155,156,157,158,159,160,161,162,163,164,165,166,167,168,169,170,171,172,173,174,175,176,177,178,179,180,181,182,183,184,185,186,187,188,189,190,191,192,193,194,195,196,197,198,199,200,201,202,203,204,205,206,207,208,209,210,211,212,213,214,215,216,217,218,219,220,221,222,223,224,225,226,227,228,229,230,231,232,233,234,235,236,237,238,239,240,241,242,243,244,245,246,247,248,249,250,251,252,253,254,255,256,257,258,259,260,261,262,263,264,265,266,267,268,269,270,271,272,273,274,275,276,277,278,279,280,281,282,283,284,285,286,287,288,289,290,291,292,293,294,295,296,297,298,299,300,301,302,303,304,305,306,307,308,309,310,311,312,313,314,315,316,317,318,319,320,321,322,323,324,325,326,327,328,329,330,331,332,333,334,335,336,337,338,339,340,341,342,343,344,345,346,347,348,349,350,351,352,353,354,355,356,357,358,359,360,361,362,363,364,365,366,367,368,369,370,371,372,373,374,375,376,377,378,379,380,381,382,383,384,385,386,387,388,389,390,391,392,393,394,395,396,397,398,399,400,401,402,403,404,405,406,407,408,409,410,411,412,413,414,415,416,417,418,419,420,421,422,423,424,425,426,427,428,429,430,431,432,433,434,435,436,437,438,439,440,441,442,443,444,445,446,447,448,449,450,451,452,453,454,455,456,457,458,459,460,461,462,463,464,465,466,467,468,469,470,471,472,473,474,475,476,477,478,479,480,481,482,483,484,485,486,487,488,489,490,491,492,493,494,495,496,497,498,499,500,501,502,503,504,505,506,507,508,509,510,511], 'delta':512, 'length':2097152, 'agg':25, 'wrap':1, },
  {'name':'UNIFORM:512:1:NR', 'kernel':'Gather', 'pattern':[0,1,2,3,4,5,6,7,8,9,10,11,12,13,14,15,16,17,18,19,20,21,22,23,24,25,26,27,28,29,30,31,32,33,34,35,36,37,38,39,40,41,42,43,44,45,46,47,48,49,50,51,52,53,54,55,56,57,58,59,60,61,62,63,64,65,66,67,68,69,70,71,72,73,74,75,76,77,78,79,80,81,82,83,84,85,86,87,88,89,90,91,92,93,94,95,96,97,98,99,100,101,102,103,104,105,106,107,108,109,110,111,112,113,114,115,116,117,118,119,120,121,122,123,124,125,126,127,128,129,130,131,132,133,134,135,136,137,138,139,140,141,142,143,144,145,146,147,148,149,150,151,152,153,154,155,156,157,158,159,160,161,162,163,164,165,166,167,168,169,170,171,172,173,174,175,176,177,178,179,180,181,182,183,184,185,186,187,188,189,190,191,192,193,194,195,196,197,198,199,200,201,202,203,204,205,206,207,208,209,210,211,212,213,214,215,216,217,218,219,220,221,222,223,224,225,226,227,228,229,230,231,232,233,234,235,236,237,238,239,240,241,242,243,244,245,246,247,248,249,250,251,252,253,254,255,256,257,258,259,260,261,262,263,264,265,266,267,268,269,270,271,272,273,274,275,276,277,278,279,280,281,282,283,284,285,286,287,288,289,290,291,292,293,294,295,296,297,298,299,300,301,302,303,304,305,306,307,308,309,310,311,312,313,314,315,316,317,318,319,320,321,322,323,324,325,326,327,328,329,330,331,332,333,334,335,336,337,338,339,340,341,342,343,344,345,346,347,348,349,350,351,352,353,354,355,356,357,358,359,360,361,362,363,364,365,366,367,368,369,370,371,372,373,374,375,376,377,378,379,380,381,382,383,384,385,386,387,388,389,390,391,392,393,394,395,396,397,398,399,400,401,402,403,404,405,406,407,408,409,410,411,412,413,414,415,416,417,418,419,420,421,422,423,424,425,426,427,428,429,430,431,432,433,434,435,436,437,438,439,440,441,442,443,444,445,446,447,448,449,450,451,452,453,454,455,456,457,458,459,460,461,462,463,464,465,466,467,468,469,470,471,472,473,474,475,476,477,478,479,480,481,482,483,484,485,486,487,488,489,490,491,492,493,494,495,496,497,498,499,500,501,502,503,504,505,506,507,508,509,510,511], 'delta':512, 'length':2097152, 'agg':25, 'wrap':1, , 'morton':1},
  {'name':'UNIFORM:512:2:NR', 'kernel':'Gather', 'pattern':[0,2,4,6,8,10,12,14,16,18,20,22,24,26,28,30,32,34,36,38,40,42,44,46,48,50,52,54,56,58,60,62,64,66,68,70,72,74,76,78,80,82,84,86,88,90,92,94,96,98,100,102,104,106,108,110,112,114,116,118,120,122,124,126,128,130,132,134,136,138,140,142,144,146,148,150,152,154,156,158,160,162,164,166,168,170,172,174,176,178,180,182,184,186,188,190,192,194,196,198,200,202,204,206,208,210,212,214,216,218,220,222,224,226,228,230,232,234,236,238,240,242,244,246,248,250,252,254,256,258,260,262,264,266,268,270,272,274,276,278,280,282,284,286,288,290,292,294,296,298,300,302,304,306,308,310,312,314,316,318,320,322,324,326,328,330,332,334,336,338,340,342,344,346,348,350,352,354,356,358,360,362,364,366,368,370,372,374,376,378,380,382,384,386,388,390,392,394,396,398,400,402,404,406,408,410,412,414,416,418,420,422,424,426,428,430,432,434,436,438,440,442,444,446,448,450,452,454,456,458,460,462,464,466,468,470,472,474,476,478,480,482,484,486,488,490,492,494,496,498,500,502,504,506,508,510,512,514,516,518,520,522,524,526,528,530,532,534,536,538,540,542,544,546,548,550,552,554,556,558,560,562,564,566,568,570,572,574,576,578,580,582,584,586,588,590,592,594,596,598,600,602,604,606,608,610,612,614,616,618,620,622,624,626,628,630,632,634,636,638,640,642,644,646,648,650,652,654,656,658,660,662,664,666,668,670,672,674,676,678,680,682,684,686,688,690,692,694,696,698,700,702,704,706,708,710,712,714,716,718,720,722,724,726,728,730,732,734,736,738,740,742,744,746,748,750,752,754,756,758,760,762,764,766,768,770,772,774,776,778,780,782,784,786,788,790,792,794,796,798,800,802,804,806,808,810,812,814,816,818,820,822,824,826,828,830,832,834,836,838,840,842,844,846,848,850,852,854,856,858,860,862,864,866,868,870,872,874,876,878,880,882,884,886,888,890,892,894,896,898,900,902,904,906,908,910,912,914,916,918,920,922,924,926,928,930,932,934,936,938,940,942,944,946,948,950,952,954,956,958,960,962,964,966,968,970,972,974,976,978,980,982,984,986,988,990,992,994,996,998,1000,1002,1004,1006,1008,1010,1012,1014,1016,1018,1020,1022], 'delta':1024, 'length':1048576, 'agg':25, 'wrap':1, 'stride_kernel':2},
  {'name':'UNIFORM:512:2:NR', 'kernel':'Gather', 'pattern':[0,2,4,6,8,10,12,14,16,18,20,22,24,26,28,30,32,34,36,38,40,42,44,46,48,50,52,54,56,58,60,62,64,66,68,70,72,74,76,78,80,82,84,86,88,90,92,94,96,98,100,102,104,106,108,110,112,114,116,118,120,122,124,126,128,130,132,134,136,138,140,142,144,146,148,150,152,154,156,158,160,162,164,166,168,170,172,174,176,178,180,182,184,186,188,190,192,194,196,198,200,202,204,206,208,210,212,214,216,218,220,222,224,226,228,230,232,234,236,238,240,242,244,246,248,250,252,254,256,258,260,262,264,266,268,270,272,274,276,278,280,282,284,286,288,290,292,294,296,298,300,302,304,306,308,310,312,314,316,318,320,322,324,326,328,330,332,334,336,338,340,342,344,346,348,350,352,354,356,358,360,362,364,366,368,370,372,374,376,378,380,382,384,386,388,390,392,394,396,398,400,402,404,406,408,410,412,414,416,418,420,422,424,426,428,430,432,434,436,438,440,442,444,446,448,450,452,454,456,458,460,462,464,466,468,470,472,474,476,478,480,482,484,486,488,490,492,494,496,498,500,502,504,506,508,510,512,514,516,518,520,522,524,526,528,530,532,534,536,538,540,542,544,546,548,550,552,554,556,558,560,562,564,566,568,570,572,574,576,578,580,582,584,586,588,590,592,594,596,598,600,602,604,606,608,610,612,614,616,618,620,622,624,626,628,630,632,634,636,638,640,642,644,646,648,650,652,654,656,658,660,662,664,666,668,670,672,674,676,678,680,682,684,686,688,690,692,694,696,698,700,702,704,706,708,710,712,714,716,718,720,722,724,726,728,730,732,734,736,738,740,742,744,746,748,750,752,754,756,758,760,762,764,766,768,770,772,774,776,778,780,782,784,786,788,790,792,794,796,798,800,802,804,806,808,810,812,814,816,818,820,822,824,826,828,830,832,834,836,838,840,842,844,846,848,850,852,854,856,858,860,862,864,866,868,870,872,874,876,878,880,882,884,886,888,890,892,894,896,898,900,902,904,906,908,910,912,914,916,918,920,922,924,926,928,930,932,934,936,938,940,942,944,946,948,950,952,954,956,958,960,962,964,966,968,970,972,974,976,978,980,982,984,986,988,990,992,994,996,998,1000,1002,1004,1006,1008,1010,1012,1014,1016,1018,1020,1022], 'delta':1024, 'length':1048576, 'agg':25, 'wrap':1, },
  {'name':'UNIFORM:512:2:NR', 'kernel':'Gather', 'pattern':[0,2,4,6,8,10,12,14,16,18,20,22,24,26,28,30,32,34,36,38,40,42,44,46,48,50,52,54,56,58,60,62,64,66,68,70,72,74,76,78,80,82,84,86,88,90,92,94,96,98,100,102,104,106,108,110,112,114,116,118,120,122,124,126,128,130,132,134,136,138,140,142,144,146,148,150,152,154,156,158,160,162,164,166,168,170,172,174,176,178,180,182,184,186,188,190,192,194,196,198,200,202,204,206,208,210,212,214,216,218,220,222,224,226,228,230,232,234,236,238,240,242,244,246,248,250,252,254,256,258,260,262,264,266,268,270,272,274,276,278,280,282,284,286,288,290,292,294,296,298,300,302,304,306,308,310,312,314,316,318,320,322,324,326,328,330,332,334,336,338,340,342,344,346,348,350,352,354,356,358,360,362,364,366,368,370,372,374,376,378,380,382,384,386,388,390,392,394,396,398,400,402,404,406,408,410,412,414,416,418,420,422,424,426,428,430,432,434,436,438,440,442,444,446,448,450,452,454,456,458,460,462,464,466,468,470,472,474,476,478,480,482,484,486,488,490,492,494,496,498,500,502,504,506,508,510,512,514,516,518,520,522,524,526,528,530,532,534,536,538,540,542,544,546,548,550,552,554,556,558,560,562,564,566,568,570,572,574,576,578,580,582,584,586,588,590,592,594,596,598,600,602,604,606,608,610,612,614,616,618,620,622,624,626,628,630,632,634,636,638,640,642,644,646,648,650,652,654,656,658,660,662,664,666,668,670,672,674,676,678,680,682,684,686,688,690,692,694,696,698,700,702,704,706,708,710,712,714,716,718,720,722,724,726,728,730,732,734,736,738,740,742,744,746,748,750,752,754,756,758,760,762,764,766,768,770,772,774,776,778,780,782,784,786,788,790,792,794,796,798,800,802,804,806,808,810,812,814,816,818,820,822,824,826,828,830,832,834,836,838,840,842,844,846,848,850,852,854,856,858,860,862,864,866,868,870,872,874,876,878,880,882,884,886,888,890,892,894,896,898,900,902,904,906,908,910,912,914,916,918,920,922,924,926,928,930,932,934,936,938,940,942,944,946,948,950,952,954,956,958,960,962,964,966,968,970,972,974,976,978,980,982,984,986,988,990,992,994,996,998,1000,1002,1004,1006,1008,1010,1012,1014,1016,1018,1020,1022], 'delta':1024, 'length':1048576, 'agg':25, 'wrap':1, , 'morton':1},
  {'name':'UNIFORM:512:4:NR', 'kernel':'Gather', 'pattern':[0,4,8,12,16,20,24,28,32,36,40,44,48,52,56,60,64,68,72,76,80,84,88,92,96,100,104,108,112,116,120,124,128,132,136,140,144,148,152,156,160,164,168,172,176,180,184,188,192,196,200,204,208,212,216,220,224,228,232,236,240,244,248,252,256,260,264,268,272,276,280,284,288,292,296,300,304,308,312,316,320,324,328,332,336,340,344,348,352,356,360,364,368,372,376,380,384,388,392,396,400,404,408,412,416,420,424,428,432,436,440,444,448,452,456,460,464,468,472,476,480,484,488,492,496,500,504,508,512,516,520,524,528,532,536,540,544,548,552,556,560,564,568,572,576,580,584,588,592,596,600,604,608,612,616,620,624,628,632,636,640,644,648,652,656,660,664,668,672,676,680,684,688,692,696,700,704,708,712,716,720,724,728,732,736,740,744,748,752,756,760,764,768,772,776,780,784,788,792,796,800,804,808,812,816,820,824,828,832,836,840,844,848,852,856,860,864,868,872,876,880,884,888,892,896,900,904,908,912,916,920,924,928,932,936,940,944,948,952,956,960,964,968,972,976,980,984,988,992,996,1000,1004,1008,1012,1016,1020,1024,1028,1032,1036,1040,1044,1048,1052,1056,1060,1064,1068,1072,1076,1080,1084,1088,1092,1096,1100,1104,1108,1112,1116,1120,1124,1128,1132,1136,1140,1144,1148,1152,1156,1160,1164,1168,1172,1176,1180,1184,1188,1192,1196,1200,1204,1208,1212,1216,1220,1224,1228,1232,1236,1240,1244,1248,1252,1256,1260,1264,1268,1272,1276,1280,1284,1288,1292,1296,1300,1304,1308,1312,1316,1320,1324,1328,1332,1336,1340,1344,1348,1352,1356,1360,1364,1368,1372,1376,1380,1384,1388,1392,1396,1400,1404,1408,1412,1416,1420,1424,1428,1432,1436,1440,1444,1448,1452,1456,1460,1464,1468,1472,1476,1480,1484,1488,1492,1496,1500,1504,1508,1512,1516,1520,1524,1528,1532,1536,1540,1544,1548,1552,1556,1560,1564,1568,1572,1576,1580,1584,1588,1592,1596,1600,1604,1608,1612,1616,1620,1624,1628,1632,1636,1640,1644,1648,1652,1656,1660,1664,1668,1672,1676,1680,1684,1688,1692,1696,1700,1704,1708,1712,1716,1720,1724,1728,1732,1736,1740,1744,1748,1752,1756,1760,1764,1768,1772,1776,1780,1784,1788,1792,1796,1800,1804,1808,1812,1816,1820,1824,1828,1832,1836,1840,1844,1848,1852,1856,1860,1864,1868,1872,1876,1880,1884,1888,1892,1896,1900,1904,1908,1912,1916,1920,1924,1928,1932,1936,1940,1944,1948,1952,1956,1960,1964,1968,1972,1976,1980,1984,1988,1992,1996,2000,2004,2008,2012,2016,2020,2024,2028,2032,2036,2040,2044], 'delta':2048, 'length':524288, 'agg':25, 'wrap':1, 'stride_kernel':4},
  {'name':'UNIFORM:512:4:NR', 'kernel':'Gather', 'pattern':[0,4,8,12,16,20,24,28,32,36,40,44,48,52,56,60,64,68,72,76,80,84,88,92,96,100,104,108,112,116,120,124,128,132,136,140,144,148,152,156,160,164,168,172,176,180,184,188,192,196,200,204,208,212,216,220,224,228,232,236,240,244,248,252,256,260,264,268,272,276,280,284,288,292,296,300,304,308,312,316,320,324,328,332,336,340,344,348,352,356,360,364,368,372,376,380,384,388,392,396,400,404,408,412,416,420,424,428,432,436,440,444,448,452,456,460,464,468,472,476,480,484,488,492,496,500,504,508,512,516,520,524,528,532,536,540,544,548,552,556,560,564,568,572,576,580,584,588,592,596,600,604,608,612,616,620,624,628,632,636,640,644,648,652,656,660,664,668,672,676,680,684,688,692,696,700,704,708,712,716,720,724,728,732,736,740,744,748,752,756,760,764,768,772,776,780,784,788,792,796,800,804,808,812,816,820,824,828,832,836,840,844,848,852,856,860,864,868,872,876,880,884,888,892,896,900,904,908,912,916,920,924,928,932,936,940,944,948,952,956,960,964,968,972,976,980,984,988,992,996,1000,1004,1008,1012,1016,1020,1024,1028,1032,1036,1040,1044,1048,1052,1056,1060,1064,1068,1072,1076,1080,1084,1088,1092,1096,1100,1104,1108,1112,1116,1120,1124,1128,1132,1136,1140,1144,1148,1152,1156,1160,1164,1168,1172,1176,1180,1184,1188,1192,1196,1200,1204,1208,1212,1216,1220,1224,1228,1232,1236,1240,1244,1248,1252,1256,1260,1264,1268,1272,1276,1280,1284,1288,1292,1296,1300,1304,1308,1312,1316,1320,1324,1328,1332,1336,1340,1344,1348,1352,1356,1360,1364,1368,1372,1376,1380,1384,1388,1392,1396,1400,1404,1408,1412,1416,1420,1424,1428,1432,1436,1440,1444,1448,1452,1456,1460,1464,1468,1472,1476,1480,1484,1488,1492,1496,1500,1504,1508,1512,1516,1520,1524,1528,1532,1536,1540,1544,1548,1552,1556,1560,1564,1568,1572,1576,1580,1584,1588,1592,1596,1600,1604,1608,1612,1616,1620,1624,1628,1632,1636,1640,1644,1648,1652,1656,1660,1664,1668,1672,1676,1680,1684,1688,1692,1696,1700,1704,1708,1712,1716,1720,1724,1728,1732,1736,1740,1744,1748,1752,1756,1760,1764,1768,1772,1776,1780,1784,1788,1792,1796,1800,1804,1808,1812,1816,1820,1824,1828,1832,1836,1840,1844,1848,1852,1856,1860,1864,1868,1872,1876,1880,1884,1888,1892,1896,1900,1904,1908,1912,1916,1920,1924,1928,1932,1936,1940,1944,1948,1952,1956,1960,1964,1968,1972,1976,1980,1984,1988,1992,1996,2000,2004,2008,2012,2016,2020,2024,2028,2032,2036,2040,2044], 'delta':2048, 'length':524288, 'agg':25, 'wrap':1, },
  {'name':'UNIFORM:512:4:NR', 'kernel':'Gather', 'pattern':[0,4,8,12,16,20,24,28,32,36,40,44,48,52,56,60,64,68,72,76,80,84,88,92,96,100,104,108,112,116,120,124,128,132,136,140,144,148,152,156,160,164,168,172,176,180,184,188,192,196,200,204,208,212,216,220,224,228,232,236,240,244,248,252,256,260,264,268,272,276,280,284,288,292,296,300,304,308,312,316,320,324,328,332,336,340,344,348,352,356,360,364,368,372,376,380,384,388,392,396,400,404,408,412,416,420,424,428,432,436,440,444,448,452,456,460,464,468,472,476,480,484,488,492,496,500,504,508,512,516,520,524,528,532,536,540,544,548,552,556,560,564,568,572,576,580,584,588,592,596,600,604,608,612,616,620,624,628,632,636,640,644,648,652,656,660,664,668,672,676,680,684,688,692,696,700,704,708,712,716,720,724,728,732,736,740,744,748,752,756,760,764,768,772,776,780,784,788,792,796,800,804,808,812,816,820,824,828,832,836,840,844,848,852,856,860,864,868,872,876,880,884,888,892,896,900,904,908,912,916,920,924,928,932,936,940,944,948,952,956,960,964,968,972,976,980,984,988,992,996,1000,1004,1008,1012,1016,1020,1024,1028,1032,1036,1040,1044,1048,1052,1056,1060,1064,1068,1072,1076,1080,1084,1088,1092,1096,1100,1104,1108,1112,1116,1120,1124,1128,1132,1136,1140,1144,1148,1152,1156,1160,1164,1168,1172,1176,1180,1184,1188,1192,1196,1200,1204,1208,1212,1216,1220,1224,1228,1232,1236,1240,1244,1248,1252,1256,1260,1264,1268,1272,1276,1280,1284,1288,1292,1296,1300,1304,1308,1312,1316,1320,1324,1328,1332,1336,1340,1344,1348,1352,1356,1360,1364,1368,1372,1376,1380,1384,1388,1392,1396,1400,1404,1408,1412,1416,1420,1424,1428,1432,1436,1440,1444,1448,1452,1456,1460,1464,1468,1472,1476,1480,1484,1488,1492,1496,1500,1504,1508,1512,1516,1520,1524,1528,1532,1536,1540,1544,1548,1552,1556,1560,1564,1568,1572,1576,1580,1584,1588,1592,1596,1600,1604,1608,1612,1616,1620,1624,1628,1632,1636,1640,1644,1648,1652,1656,1660,1664,1668,1672,1676,1680,1684,1688,1692,1696,1700,1704,1708,1712,1716,1720,1724,1728,1732,1736,1740,1744,1748,1752,1756,1760,1764,1768,1772,1776,1780,1784,1788,1792,1796,1800,1804,1808,1812,1816,1820,1824,1828,1832,1836,1840,1844,1848,1852,1856,1860,1864,1868,1872,1876,1880,1884,1888,1892,1896,1900,1904,1908,1912,1916,1920,1924,1928,1932,1936,1940,1944,1948,1952,1956,1960,1964,1968,1972,1976,1980,1984,1988,1992,1996,2000,2004,2008,2012,2016,2020,2024,2028,2032,2036,2040,2044], 'delta':2048, 'length':524288, 'agg':25, 'wrap':1, , 'morton':1},
  {'name':'UNIFORM:512:8:NR', 'kernel':'Gather', 'pattern':[0,8,16,24,32,40,48,56,64,72,80,88,96,104,112,120,128,136,144,152,160,168,176,184,192,200,208,216,224,232,240,248,256,264,272,280,288,296,304,312,320,328,336,344,352,360,368,376,384,392,400,408,416,424,432,440,448,456,464,472,480,488,496,504,512,520,528,536,544,552,560,568,576,584,592,600,608,616,624,632,640,648,656,664,672,680,688,696,704,712,720,728,736,744,752,760,768,776,784,792,800,808,816,824,832,840,848,856,864,872,880,888,896,904,912,920,928,936,944,952,960,968,976,984,992,1000,1008,1016,1024,1032,1040,1048,1056,1064,1072,1080,1088,1096,1104,1112,1120,1128,1136,1144,1152,1160,1168,1176,1184,1192,1200,1208,1216,1224,1232,1240,1248,1256,1264,1272,1280,1288,1296,1304,1312,1320,1328,1336,1344,1352,1360,1368,1376,1384,1392,1400,1408,1416,1424,1432,1440,1448,1456,1464,1472,1480,1488,1496,1504,1512,1520,1528,1536,1544,1552,1560,1568,1576,1584,1592,1600,1608,1616,1624,1632,1640,1648,1656,1664,1672,1680,1688,1696,1704,1712,1720,1728,1736,1744,1752,1760,1768,1776,1784,1792,1800,1808,1816,1824,1832,1840,1848,1856,1864,1872,1880,1888,1896,1904,1912,1920,1928,1936,1944,1952,1960,1968,1976,1984,1992,2000,2008,2016,2024,2032,2040,2048,2056,2064,2072,2080,2088,2096,2104,2112,2120,2128,2136,2144,2152,2160,2168,2176,2184,2192,2200,2208,2216,2224,2232,2240,2248,2256,2264,2272,2280,2288,2296,2304,2312,2320,2328,2336,2344,2352,2360,2368,2376,2384,2392,2400,2408,2416,2424,2432,2440,2448,2456,2464,2472,2480,2488,2496,2504,2512,2520,2528,2536,2544,2552,2560,2568,2576,2584,2592,2600,2608,2616,2624,2632,2640,2648,2656,2664,2672,2680,2688,2696,2704,2712,2720,2728,2736,2744,2752,2760,2768,2776,2784,2792,2800,2808,2816,2824,2832,2840,2848,2856,2864,2872,2880,2888,2896,2904,2912,2920,2928,2936,2944,2952,2960,2968,2976,2984,2992,3000,3008,3016,3024,3032,3040,3048,3056,3064,3072,3080,3088,3096,3104,3112,3120,3128,3136,3144,3152,3160,3168,3176,3184,3192,3200,3208,3216,3224,3232,3240,3248,3256,3264,3272,3280,3288,3296,3304,3312,3320,3328,3336,3344,3352,3360,3368,3376,3384,3392,3400,3408,3416,3424,3432,3440,3448,3456,3464,3472,3480,3488,3496,3504,3512,3520,3528,3536,3544,3552,3560,3568,3576,3584,3592,3600,3608,3616,3624,3632,3640,3648,3656,3664,3672,3680,3688,3696,3704,3712,3720,3728,3736,3744,3752,3760,3768,3776,3784,3792,3800,3808,3816,3824,3832,3840,3848,3856,3864,3872,3880,3888,3896,3904,3912,3920,3928,3936,3944,3952,3960,3968,3976,3984,3992,4000,4008,4016,4024,4032,4040,4048,4056,4064,4072,4080,4088], 'delta':4096, 'length':262144, 'agg':25, 'wrap':1, 'stride_kernel':8},
  {'name':'UNIFORM:512:8:NR', 'kernel':'Gather', 'pattern':[0,8,16,24,32,40,48,56,64,72,80,88,96,104,112,120,128,136,144,152,160,168,176,184,192,200,208,216,224,232,240,248,256,264,272,280,288,296,304,312,320,328,336,344,352,360,368,376,384,392,400,408,416,424,432,440,448,456,464,472,480,488,496,504,512,520,528,536,544,552,560,568,576,584,592,600,608,616,624,632,640,648,656,664,672,680,688,696,704,712,720,728,736,744,752,760,768,776,784,792,800,808,816,824,832,840,848,856,864,872,880,888,896,904,912,920,928,936,944,952,960,968,976,984,992,1000,1008,1016,1024,1032,1040,1048,1056,1064,1072,1080,1088,1096,1104,1112,1120,1128,1136,1144,1152,1160,1168,1176,1184,1192,1200,1208,1216,1224,1232,1240,1248,1256,1264,1272,1280,1288,1296,1304,1312,1320,1328,1336,1344,1352,1360,1368,1376,1384,1392,1400,1408,1416,1424,1432,1440,1448,1456,1464,1472,1480,1488,1496,1504,1512,1520,1528,1536,1544,1552,1560,1568,1576,1584,1592,1600,1608,1616,1624,1632,1640,1648,1656,1664,1672,1680,1688,1696,1704,1712,1720,1728,1736,1744,1752,1760,1768,1776,1784,1792,1800,1808,1816,1824,1832,1840,1848,1856,1864,1872,1880,1888,1896,1904,1912,1920,1928,1936,1944,1952,1960,1968,1976,1984,1992,2000,2008,2016,2024,2032,2040,2048,2056,2064,2072,2080,2088,2096,2104,2112,2120,2128,2136,2144,2152,2160,2168,2176,2184,2192,2200,2208,2216,2224,2232,2240,2248,2256,2264,2272,2280,2288,2296,2304,2312,2320,2328,2336,2344,2352,2360,2368,2376,2384,2392,2400,2408,2416,2424,2432,2440,2448,2456,2464,2472,2480,2488,2496,2504,2512,2520,2528,2536,2544,2552,2560,2568,2576,2584,2592,2600,2608,2616,2624,2632,2640,2648,2656,2664,2672,2680,2688,2696,2704,2712,2720,2728,2736,2744,2752,2760,2768,2776,2784,2792,2800,2808,2816,2824,2832,2840,2848,2856,2864,2872,2880,2888,2896,2904,2912,2920,2928,2936,2944,2952,2960,2968,2976,2984,2992,3000,3008,3016,3024,3032,3040,3048,3056,3064,3072,3080,3088,3096,3104,3112,3120,3128,3136,3144,3152,3160,3168,3176,3184,3192,3200,3208,3216,3224,3232,3240,3248,3256,3264,3272,3280,3288,3296,3304,3312,3320,3328,3336,3344,3352,3360,3368,3376,3384,3392,3400,3408,3416,3424,3432,3440,3448,3456,3464,3472,3480,3488,3496,3504,3512,3520,3528,3536,3544,3552,3560,3568,3576,3584,3592,3600,3608,3616,3624,3632,3640,3648,3656,3664,3672,3680,3688,3696,3704,3712,3720,3728,3736,3744,3752,3760,3768,3776,3784,3792,3800,3808,3816,3824,3832,3840,3848,3856,3864,3872,3880,3888,3896,3904,3912,3920,3928,3936,3944,3952,3960,3968,3976,3984,3992,4000,4008,4016,4024,4032,4040,4048,4056,4064,4072,4080,4088], 'delta':4096, 'length':262144, 'agg':25, 'wrap':1, },
  {'name':'UNIFORM:512:8:NR', 'kernel':'Gather', 'pattern':[0,8,16,24,32,40,48,56,64,72,80,88,96,104,112,120,128,136,144,152,160,168,176,184,192,200,208,216,224,232,240,248,256,264,272,280,288,296,304,312,320,328,336,344,352,360,368,376,384,392,400,408,416,424,432,440,448,456,464,472,480,488,496,504,512,520,528,536,544,552,560,568,576,584,592,600,608,616,624,632,640,648,656,664,672,680,688,696,704,712,720,728,736,744,752,760,768,776,784,792,800,808,816,824,832,840,848,856,864,872,880,888,896,904,912,920,928,936,944,952,960,968,976,984,992,1000,1008,1016,1024,1032,1040,1048,1056,1064,1072,1080,1088,1096,1104,1112,1120,1128,1136,1144,1152,1160,1168,1176,1184,1192,1200,1208,1216,1224,1232,1240,1248,1256,1264,1272,1280,1288,1296,1304,1312,1320,1328,1336,1344,1352,1360,1368,1376,1384,1392,1400,1408,1416,1424,1432,1440,1448,1456,1464,1472,1480,1488,1496,1504,1512,1520,1528,1536,1544,1552,1560,1568,1576,1584,1592,1600,1608,1616,1624,1632,1640,1648,1656,1664,1672,1680,1688,1696,1704,1712,1720,1728,1736,1744,1752,1760,1768,1776,1784,1792,1800,1808,1816,1824,1832,1840,1848,1856,1864,1872,1880,1888,1896,1904,1912,1920,1928,1936,1944,1952,1960,1968,1976,1984,1992,2000,2008,2016,2024,2032,2040,2048,2056,2064,2072,2080,2088,2096,2104,2112,2120,2128,2136,2144,2152,2160,2168,2176,2184,2192,2200,2208,2216,2224,2232,2240,2248,2256,2264,2272,2280,2288,2296,2304,2312,2320,2328,2336,2344,2352,2360,2368,2376,2384,2392,2400,2408,2416,2424,2432,2440,2448,2456,2464,2472,2480,2488,2496,2504,2512,2520,2528,2536,2544,2552,2560,2568,2576,2584,2592,2600,2608,2616,2624,2632,2640,2648,2656,2664,2672,2680,2688,2696,2704,2712,2720,2728,2736,2744,2752,2760,2768,2776,2784,2792,2800,2808,2816,2824,2832,2840,2848,2856,2864,2872,2880,2888,2896,2904,2912,2920,2928,2936,2944,2952,2960,2968,2976,2984,2992,3000,3008,3016,3024,3032,3040,3048,3056,3064,3072,3080,3088,3096,3104,3112,3120,3128,3136,3144,3152,3160,3168,3176,3184,3192,3200,3208,3216,3224,3232,3240,3248,3256,3264,3272,3280,3288,3296,3304,3312,3320,3328,3336,3344,3352,3360,3368,3376,3384,3392,3400,3408,3416,3424,3432,3440,3448,3456,3464,3472,3480,3488,3496,3504,3512,3520,3528,3536,3544,3552,3560,3568,3576,3584,3592,3600,3608,3616,3624,3632,3640,3648,3656,3664,3672,3680,3688,3696,3704,3712,3720,3728,3736,3744,3752,3760,3768,3776,3784,3792,3800,3808,3816,3824,3832,3840,3848,3856,3864,3872,3880,3888,3896,3904,3912,3920,3928,3936,3944,3952,3960,3968,3976,3984,3992,4000,4008,4016,4024,4032,4040,4048,4056,4064,4072,4080,4088], 'delta':4096, 'length':262144, 'agg':25, 'wrap':1, , 'morton':1},
  {'name':'UNIFORM:512:16:NR', 'kernel':'Gather', 'pattern':[0,16,32,48,64,80,96,112,128,144,160,176,192,208,224,240,256,272,288,304,320,336,352,368,384,400,416,432,448,464,480,496,512,528,544,560,576,592,608,624,640,656,672,688,704,720,736,752,768,784,800,816,832,848,864,880,896,912,928,944,960,976,992,1008,1024,1040,1056,1072,1088,1104,1120,1136,1152,1168,1184,1200,1216,1232,1248,1264,1280,1296,1312,1328,1344,1360,1376,1392,1408,1424,1440,1456,1472,1488,1504,1520,1536,1552,1568,1584,1600,1616,1632,1648,1664,1680,1696,1712,1728,1744,1760,1776,1792,1808,1824,1840,1856,1872,1888,1904,1920,1936,1952,1968,1984,2000,2016,2032,2048,2064,2080,2096,2112,2128,2144,2160,2176,2192,2208,2224,2240,2256,2272,2288,2304,2320,2336,2352,2368,2384,2400,2416,2432,2448,2464,2480,2496,2512,2528,2544,2560,2576,2592,2608,2624,2640,2656,2672,2688,2704,2720,2736,2752,2768,2784,2800,2816,2832,2848,2864,2880,2896,2912,2928,2944,2960,2976,2992,3008,3024,3040,3056,3072,3088,3104,3120,3136,3152,3168,3184,3200,3216,3232,3248,3264,3280,3296,3312,3328,3344,3360,3376,3392,3408,3424,3440,3456,3472,3488,3504,3520,3536,3552,3568,3584,3600,3616,3632,3648,3664,3680,3696,3712,3728,3744,3760,3776,3792,3808,3824,3840,3856,3872,3888,3904,3920,3936,3952,3968,3984,4000,4016,4032,4048,4064,4080,4096,4112,4128,4144,4160,4176,4192,4208,4224,4240,4256,4272,4288,4304,4320,4336,4352,4368,4384,4400,4416,4432,4448,4464,4480,4496,4512,4528,4544,4560,4576,4592,4608,4624,4640,4656,4672,4688,4704,4720,4736,4752,4768,4784,4800,4816,4832,4848,4864,4880,4896,4912,4928,4944,4960,4976,4992,5008,5024,5040,5056,5072,5088,5104,5120,5136,5152,5168,5184,5200,5216,5232,5248,5264,5280,5296,5312,5328,5344,5360,5376,5392,5408,5424,5440,5456,5472,5488,5504,5520,5536,5552,5568,5584,5600,5616,5632,5648,5664,5680,5696,5712,5728,5744,5760,5776,5792,5808,5824,5840,5856,5872,5888,5904,5920,5936,5952,5968,5984,6000,6016,6032,6048,6064,6080,6096,6112,6128,6144,6160,6176,6192,6208,6224,6240,6256,6272,6288,6304,6320,6336,6352,6368,6384,6400,6416,6432,6448,6464,6480,6496,6512,6528,6544,6560,6576,6592,6608,6624,6640,6656,6672,6688,6704,6720,6736,6752,6768,6784,6800,6816,6832,6848,6864,6880,6896,6912,6928,6944,6960,6976,6992,7008,7024,7040,7056,7072,7088,7104,7120,7136,7152,7168,7184,7200,7216,7232,7248,7264,7280,7296,7312,7328,7344,7360,7376,7392,7408,7424,7440,7456,7472,7488,7504,7520,7536,7552,7568,7584,7600,7616,7632,7648,7664,7680,7696,7712,7728,7744,7760,7776,7792,7808,7824,7840,7856,7872,7888,7904,7920,7936,7952,7968,7984,8000,8016,8032,8048,8064,8080,8096,8112,8128,8144,8160,8176], 'delta':8192, 'length':131072, 'agg':25, 'wrap':1, 'stride_kernel':16},
  {'name':'UNIFORM:512:16:NR', 'kernel':'Gather', 'pattern':[0,16,32,48,64,80,96,112,128,144,160,176,192,208,224,240,256,272,288,304,320,336,352,368,384,400,416,432,448,464,480,496,512,528,544,560,576,592,608,624,640,656,672,688,704,720,736,752,768,784,800,816,832,848,864,880,896,912,928,944,960,976,992,1008,1024,1040,1056,1072,1088,1104,1120,1136,1152,1168,1184,1200,1216,1232,1248,1264,1280,1296,1312,1328,1344,1360,1376,1392,1408,1424,1440,1456,1472,1488,1504,1520,1536,1552,1568,1584,1600,1616,1632,1648,1664,1680,1696,1712,1728,1744,1760,1776,1792,1808,1824,1840,1856,1872,1888,1904,1920,1936,1952,1968,1984,2000,2016,2032,2048,2064,2080,2096,2112,2128,2144,2160,2176,2192,2208,2224,2240,2256,2272,2288,2304,2320,2336,2352,2368,2384,2400,2416,2432,2448,2464,2480,2496,2512,2528,2544,2560,2576,2592,2608,2624,2640,2656,2672,2688,2704,2720,2736,2752,2768,2784,2800,2816,2832,2848,2864,2880,2896,2912,2928,2944,2960,2976,2992,3008,3024,3040,3056,3072,3088,3104,3120,3136,3152,3168,3184,3200,3216,3232,3248,3264,3280,3296,3312,3328,3344,3360,3376,3392,3408,3424,3440,3456,3472,3488,3504,3520,3536,3552,3568,3584,3600,3616,3632,3648,3664,3680,3696,3712,3728,3744,3760,3776,3792,3808,3824,3840,3856,3872,3888,3904,3920,3936,3952,3968,3984,4000,4016,4032,4048,4064,4080,4096,4112,4128,4144,4160,4176,4192,4208,4224,4240,4256,4272,4288,4304,4320,4336,4352,4368,4384,4400,4416,4432,4448,4464,4480,4496,4512,4528,4544,4560,4576,4592,4608,4624,4640,4656,4672,4688,4704,4720,4736,4752,4768,4784,4800,4816,4832,4848,4864,4880,4896,4912,4928,4944,4960,4976,4992,5008,5024,5040,5056,5072,5088,5104,5120,5136,5152,5168,5184,5200,5216,5232,5248,5264,5280,5296,5312,5328,5344,5360,5376,5392,5408,5424,5440,5456,5472,5488,5504,5520,5536,5552,5568,5584,5600,5616,5632,5648,5664,5680,5696,5712,5728,5744,5760,5776,5792,5808,5824,5840,5856,5872,5888,5904,5920,5936,5952,5968,5984,6000,6016,6032,6048,6064,6080,6096,6112,6128,6144,6160,6176,6192,6208,6224,6240,6256,6272,6288,6304,6320,6336,6352,6368,6384,6400,6416,6432,6448,6464,6480,6496,6512,6528,6544,6560,6576,6592,6608,6624,6640,6656,6672,6688,6704,6720,6736,6752,6768,6784,6800,6816,6832,6848,6864,6880,6896,6912,6928,6944,6960,6976,6992,7008,7024,7040,7056,7072,7088,7104,7120,7136,7152,7168,7184,7200,7216,7232,7248,7264,7280,7296,7312,7328,7344,7360,7376,7392,7408,7424,7440,7456,7472,7488,7504,7520,7536,7552,7568,7584,7600,7616,7632,7648,7664,7680,7696,7712,7728,7744,7760,7776,7792,7808,7824,7840,7856,7872,7888,7904,7920,7936,7952,7968,7984,8000,8016,8032,8048,8064,8080,8096,8112,8128,8144,8160,8176], 'delta':8192, 'length':131072, 'agg':25, 'wrap':1, },
  {'name':'UNIFORM:512:16:NR', 'kernel':'Gather', 'pattern':[0,16,32,48,64,80,96,112,128,144,160,176,192,208,224,240,256,272,288,304,320,336,352,368,384,400,416,432,448,464,480,496,512,528,544,560,576,592,608,624,640,656,672,688,704,720,736,752,768,784,800,816,832,848,864,880,896,912,928,944,960,976,992,1008,1024,1040,1056,1072,1088,1104,1120,1136,1152,1168,1184,1200,1216,1232,1248,1264,1280,1296,1312,1328,1344,1360,1376,1392,1408,1424,1440,1456,1472,1488,1504,1520,1536,1552,1568,1584,1600,1616,1632,1648,1664,1680,1696,1712,1728,1744,1760,1776,1792,1808,1824,1840,1856,1872,1888,1904,1920,1936,1952,1968,1984,2000,2016,2032,2048,2064,2080,2096,2112,2128,2144,2160,2176,2192,2208,2224,2240,2256,2272,2288,2304,2320,2336,2352,2368,2384,2400,2416,2432,2448,2464,2480,2496,2512,2528,2544,2560,2576,2592,2608,2624,2640,2656,2672,2688,2704,2720,2736,2752,2768,2784,2800,2816,2832,2848,2864,2880,2896,2912,2928,2944,2960,2976,2992,3008,3024,3040,3056,3072,3088,3104,3120,3136,3152,3168,3184,3200,3216,3232,3248,3264,3280,3296,3312,3328,3344,3360,3376,3392,3408,3424,3440,3456,3472,3488,3504,3520,3536,3552,3568,3584,3600,3616,3632,3648,3664,3680,3696,3712,3728,3744,3760,3776,3792,3808,3824,3840,3856,3872,3888,3904,3920,3936,3952,3968,3984,4000,4016,4032,4048,4064,4080,4096,4112,4128,4144,4160,4176,4192,4208,4224,4240,4256,4272,4288,4304,4320,4336,4352,4368,4384,4400,4416,4432,4448,4464,4480,4496,4512,4528,4544,4560,4576,4592,4608,4624,4640,4656,4672,4688,4704,4720,4736,4752,4768,4784,4800,4816,4832,4848,4864,4880,4896,4912,4928,4944,4960,4976,4992,5008,5024,5040,5056,5072,5088,5104,5120,5136,5152,5168,5184,5200,5216,5232,5248,5264,5280,5296,5312,5328,5344,5360,5376,5392,5408,5424,5440,5456,5472,5488,5504,5520,5536,5552,5568,5584,5600,5616,5632,5648,5664,5680,5696,5712,5728,5744,5760,5776,5792,5808,5824,5840,5856,5872,5888,5904,5920,5936,5952,5968,5984,6000,6016,6032,6048,6064,6080,6096,6112,6128,6144,6160,6176,6192,6208,6224,6240,6256,6272,6288,6304,6320,6336,6352,6368,6384,6400,6416,6432,6448,6464,6480,6496,6512,6528,6544,6560,6576,6592,6608,6624,6640,6656,6672,6688,6704,6720,6736,6752,6768,6784,6800,6816,6832,6848,6864,6880,6896,6912,6928,6944,6960,6976,6992,7008,7024,7040,7056,7072,7088,7104,7120,7136,7152,7168,7184,7200,7216,7232,7248,7264,7280,7296,7312,7328,7344,7360,7376,7392,7408,7424,7440,7456,7472,7488,7504,7520,7536,7552,7568,7584,7600,7616,7632,7648,7664,7680,7696,7712,7728,7744,7760,7776,7792,7808,7824,7840,7856,7872,7888,7904,7920,7936,7952,7968,7984,8000,8016,8032,8048,8064,8080,8096,8112,8128,8144,8160,8176], 'delta':8192, 'length':131072, 'agg':25, 'wrap':1, , 'morton':1},
  {'name':'UNIFORM:512:32:NR', 'kernel':'Gather', 'pattern':[0,32,64,96,128,160,192,224,256,288,320,352,384,416,448,480,512,544,576,608,640,672,704,736,768,800,832,864,896,928,960,992,1024,1056,1088,1120,1152,1184,1216,1248,1280,1312,1344,1376,1408,1440,1472,1504,1536,1568,1600,1632,1664,1696,1728,1760,1792,1824,1856,1888,1920,1952,1984,2016,2048,2080,2112,2144,2176,2208,2240,2272,2304,2336,2368,2400,2432,2464,2496,2528,2560,2592,2624,2656,2688,2720,2752,2784,2816,2848,2880,2912,2944,2976,3008,3040,3072,3104,3136,3168,3200,3232,3264,3296,3328,3360,3392,3424,3456,3488,3520,3552,3584,3616,3648,3680,3712,3744,3776,3808,3840,3872,3904,3936,3968,4000,4032,4064,4096,4128,4160,4192,4224,4256,4288,4320,4352,4384,4416,4448,4480,4512,4544,4576,4608,4640,4672,4704,4736,4768,4800,4832,4864,4896,4928,4960,4992,5024,5056,5088,5120,5152,5184,5216,5248,5280,5312,5344,5376,5408,5440,5472,5504,5536,5568,5600,5632,5664,5696,5728,5760,5792,5824,5856,5888,5920,5952,5984,6016,6048,6080,6112,6144,6176,6208,6240,6272,6304,6336,6368,6400,6432,6464,6496,6528,6560,6592,6624,6656,6688,6720,6752,6784,6816,6848,6880,6912,6944,6976,7008,7040,7072,7104,7136,7168,7200,7232,7264,7296,7328,7360,7392,7424,7456,7488,7520,7552,7584,7616,7648,7680,7712,7744,7776,7808,7840,7872,7904,7936,7968,8000,8032,8064,8096,8128,8160,8192,8224,8256,8288,8320,8352,8384,8416,8448,8480,8512,8544,8576,8608,8640,8672,8704,8736,8768,8800,8832,8864,8896,8928,8960,8992,9024,9056,9088,9120,9152,9184,9216,9248,9280,9312,9344,9376,9408,9440,9472,9504,9536,9568,9600,9632,9664,9696,9728,9760,9792,9824,9856,9888,9920,9952,9984,10016,10048,10080,10112,10144,10176,10208,10240,10272,10304,10336,10368,10400,10432,10464,10496,10528,10560,10592,10624,10656,10688,10720,10752,10784,10816,10848,10880,10912,10944,10976,11008,11040,11072,11104,11136,11168,11200,11232,11264,11296,11328,11360,11392,11424,11456,11488,11520,11552,11584,11616,11648,11680,11712,11744,11776,11808,11840,11872,11904,11936,11968,12000,12032,12064,12096,12128,12160,12192,12224,12256,12288,12320,12352,12384,12416,12448,12480,12512,12544,12576,12608,12640,12672,12704,12736,12768,12800,12832,12864,12896,12928,12960,12992,13024,13056,13088,13120,13152,13184,13216,13248,13280,13312,13344,13376,13408,13440,13472,13504,13536,13568,13600,13632,13664,13696,13728,13760,13792,13824,13856,13888,13920,13952,13984,14016,14048,14080,14112,14144,14176,14208,14240,14272,14304,14336,14368,14400,14432,14464,14496,14528,14560,14592,14624,14656,14688,14720,14752,14784,14816,14848,14880,14912,14944,14976,15008,15040,15072,15104,15136,15168,15200,15232,15264,15296,15328,15360,15392,15424,15456,15488,15520,15552,15584,15616,15648,15680,15712,15744,15776,15808,15840,15872,15904,15936,15968,16000,16032,16064,16096,16128,16160,16192,16224,16256,16288,16320,16352], 'delta':16384, 'length':65536, 'agg':25, 'wrap':1, 'stride_kernel':32},
  {'name':'UNIFORM:512:32:NR', 'kernel':'Gather', 'pattern':[0,32,64,96,128,160,192,224,256,288,320,352,384,416,448,480,512,544,576,608,640,672,704,736,768,800,832,864,896,928,960,992,1024,1056,1088,1120,1152,1184,1216,1248,1280,1312,1344,1376,1408,1440,1472,1504,1536,1568,1600,1632,1664,1696,1728,1760,1792,1824,1856,1888,1920,1952,1984,2016,2048,2080,2112,2144,2176,2208,2240,2272,2304,2336,2368,2400,2432,2464,2496,2528,2560,2592,2624,2656,2688,2720,2752,2784,2816,2848,2880,2912,2944,2976,3008,3040,3072,3104,3136,3168,3200,3232,3264,3296,3328,3360,3392,3424,3456,3488,3520,3552,3584,3616,3648,3680,3712,3744,3776,3808,3840,3872,3904,3936,3968,4000,4032,4064,4096,4128,4160,4192,4224,4256,4288,4320,4352,4384,4416,4448,4480,4512,4544,4576,4608,4640,4672,4704,4736,4768,4800,4832,4864,4896,4928,4960,4992,5024,5056,5088,5120,5152,5184,5216,5248,5280,5312,5344,5376,5408,5440,5472,5504,5536,5568,5600,5632,5664,5696,5728,5760,5792,5824,5856,5888,5920,5952,5984,6016,6048,6080,6112,6144,6176,6208,6240,6272,6304,6336,6368,6400,6432,6464,6496,6528,6560,6592,6624,6656,6688,6720,6752,6784,6816,6848,6880,6912,6944,6976,7008,7040,7072,7104,7136,7168,7200,7232,7264,7296,7328,7360,7392,7424,7456,7488,7520,7552,7584,7616,7648,7680,7712,7744,7776,7808,7840,7872,7904,7936,7968,8000,8032,8064,8096,8128,8160,8192,8224,8256,8288,8320,8352,8384,8416,8448,8480,8512,8544,8576,8608,8640,8672,8704,8736,8768,8800,8832,8864,8896,8928,8960,8992,9024,9056,9088,9120,9152,9184,9216,9248,9280,9312,9344,9376,9408,9440,9472,9504,9536,9568,9600,9632,9664,9696,9728,9760,9792,9824,9856,9888,9920,9952,9984,10016,10048,10080,10112,10144,10176,10208,10240,10272,10304,10336,10368,10400,10432,10464,10496,10528,10560,10592,10624,10656,10688,10720,10752,10784,10816,10848,10880,10912,10944,10976,11008,11040,11072,11104,11136,11168,11200,11232,11264,11296,11328,11360,11392,11424,11456,11488,11520,11552,11584,11616,11648,11680,11712,11744,11776,11808,11840,11872,11904,11936,11968,12000,12032,12064,12096,12128,12160,12192,12224,12256,12288,12320,12352,12384,12416,12448,12480,12512,12544,12576,12608,12640,12672,12704,12736,12768,12800,12832,12864,12896,12928,12960,12992,13024,13056,13088,13120,13152,13184,13216,13248,13280,13312,13344,13376,13408,13440,13472,13504,13536,13568,13600,13632,13664,13696,13728,13760,13792,13824,13856,13888,13920,13952,13984,14016,14048,14080,14112,14144,14176,14208,14240,14272,14304,14336,14368,14400,14432,14464,14496,14528,14560,14592,14624,14656,14688,14720,14752,14784,14816,14848,14880,14912,14944,14976,15008,15040,15072,15104,15136,15168,15200,15232,15264,15296,15328,15360,15392,15424,15456,15488,15520,15552,15584,15616,15648,15680,15712,15744,15776,15808,15840,15872,15904,15936,15968,16000,16032,16064,16096,16128,16160,16192,16224,16256,16288,16320,16352], 'delta':16384, 'length':65536, 'agg':25, 'wrap':1, },
  {'name':'UNIFORM:512:32:NR', 'kernel':'Gather', 'pattern':[0,32,64,96,128,160,192,224,256,288,320,352,384,416,448,480,512,544,576,608,640,672,704,736,768,800,832,864,896,928,960,992,1024,1056,1088,1120,1152,1184,1216,1248,1280,1312,1344,1376,1408,1440,1472,1504,1536,1568,1600,1632,1664,1696,1728,1760,1792,1824,1856,1888,1920,1952,1984,2016,2048,2080,2112,2144,2176,2208,2240,2272,2304,2336,2368,2400,2432,2464,2496,2528,2560,2592,2624,2656,2688,2720,2752,2784,2816,2848,2880,2912,2944,2976,3008,3040,3072,3104,3136,3168,3200,3232,3264,3296,3328,3360,3392,3424,3456,3488,3520,3552,3584,3616,3648,3680,3712,3744,3776,3808,3840,3872,3904,3936,3968,4000,4032,4064,4096,4128,4160,4192,4224,4256,4288,4320,4352,4384,4416,4448,4480,4512,4544,4576,4608,4640,4672,4704,4736,4768,4800,4832,4864,4896,4928,4960,4992,5024,5056,5088,5120,5152,5184,5216,5248,5280,5312,5344,5376,5408,5440,5472,5504,5536,5568,5600,5632,5664,5696,5728,5760,5792,5824,5856,5888,5920,5952,5984,6016,6048,6080,6112,6144,6176,6208,6240,6272,6304,6336,6368,6400,6432,6464,6496,6528,6560,6592,6624,6656,6688,6720,6752,6784,6816,6848,6880,6912,6944,6976,7008,7040,7072,7104,7136,7168,7200,7232,7264,7296,7328,7360,7392,7424,7456,7488,7520,7552,7584,7616,7648,7680,7712,7744,7776,7808,7840,7872,7904,7936,7968,8000,8032,8064,8096,8128,8160,8192,8224,8256,8288,8320,8352,8384,8416,8448,8480,8512,8544,8576,8608,8640,8672,8704,8736,8768,8800,8832,8864,8896,8928,8960,8992,9024,9056,9088,9120,9152,9184,9216,9248,9280,9312,9344,9376,9408,9440,9472,9504,9536,9568,9600,9632,9664,9696,9728,9760,9792,9824,9856,9888,9920,9952,9984,10016,10048,10080,10112,10144,10176,10208,10240,10272,10304,10336,10368,10400,10432,10464,10496,10528,10560,10592,10624,10656,10688,10720,10752,10784,10816,10848,10880,10912,10944,10976,11008,11040,11072,11104,11136,11168,11200,11232,11264,11296,11328,11360,11392,11424,11456,11488,11520,11552,11584,11616,11648,11680,11712,11744,11776,11808,11840,11872,11904,11936,11968,12000,12032,12064,12096,12128,12160,12192,12224,12256,12288,12320,12352,12384,12416,12448,12480,12512,12544,12576,12608,12640,12672,12704,12736,12768,12800,12832,12864,12896,12928,12960,12992,13024,13056,13088,13120,13152,13184,13216,13248,13280,13312,13344,13376,13408,13440,13472,13504,13536,13568,13600,13632,13664,13696,13728,13760,13792,13824,13856,13888,13920,13952,13984,14016,14048,14080,14112,14144,14176,14208,14240,14272,14304,14336,14368,14400,14432,14464,14496,14528,14560,14592,14624,14656,14688,14720,14752,14784,14816,14848,14880,14912,14944,14976,15008,15040,15072,15104,15136,15168,15200,15232,15264,15296,15328,15360,15392,15424,15456,15488,15520,15552,15584,15616,15648,15680,15712,15744,15776,15808,15840,15872,15904,15936,15968,16000,16032,16064,16096,16128,16160,16192,16224,16256,16288,16320,16352], 'delta':16384, 'length':65536, 'agg':25, 'wrap':1, , 'morton':1},
  {'name':'UNIFORM:512:64:NR', 'kernel':'Gather', 'pattern':[0,64,128,192,256,320,384,448,512,576,640,704,768,832,896,960,1024,1088,1152,1216,1280,1344,1408,1472,1536,1600,1664,1728,1792,1856,1920,1984,2048,2112,2176,2240,2304,2368,2432,2496,2560,2624,2688,2752,2816,2880,2944,3008,3072,3136,3200,3264,3328,3392,3456,3520,3584,3648,3712,3776,3840,3904,3968,4032,4096,4160,4224,4288,4352,4416,4480,4544,4608,4672,4736,4800,4864,4928,4992,5056,5120,5184,5248,5312,5376,5440,5504,5568,5632,5696,5760,5824,5888,5952,6016,6080,6144,6208,6272,6336,6400,6464,6528,6592,6656,6720,6784,6848,6912,6976,7040,7104,7168,7232,7296,7360,7424,7488,7552,7616,7680,7744,7808,7872,7936,8000,8064,8128,8192,8256,8320,8384,8448,8512,8576,8640,8704,8768,8832,8896,8960,9024,9088,9152,9216,9280,9344,9408,9472,9536,9600,9664,9728,9792,9856,9920,9984,10048,10112,10176,10240,10304,10368,10432,10496,10560,10624,10688,10752,10816,10880,10944,11008,11072,11136,11200,11264,11328,11392,11456,11520,11584,11648,11712,11776,11840,11904,11968,12032,12096,12160,12224,12288,12352,12416,12480,12544,12608,12672,12736,12800,12864,12928,12992,13056,13120,13184,13248,13312,13376,13440,13504,13568,13632,13696,13760,13824,13888,13952,14016,14080,14144,14208,14272,14336,14400,14464,14528,14592,14656,14720,14784,14848,14912,14976,15040,15104,15168,15232,15296,15360,15424,15488,15552,15616,15680,15744,15808,15872,15936,16000,16064,16128,16192,16256,16320,16384,16448,16512,16576,16640,16704,16768,16832,16896,16960,17024,17088,17152,17216,17280,17344,17408,17472,17536,17600,17664,17728,17792,17856,17920,17984,18048,18112,18176,18240,18304,18368,18432,18496,18560,18624,18688,18752,18816,18880,18944,19008,19072,19136,19200,19264,19328,19392,19456,19520,19584,19648,19712,19776,19840,19904,19968,20032,20096,20160,20224,20288,20352,20416,20480,20544,20608,20672,20736,20800,20864,20928,20992,21056,21120,21184,21248,21312,21376,21440,21504,21568,21632,21696,21760,21824,21888,21952,22016,22080,22144,22208,22272,22336,22400,22464,22528,22592,22656,22720,22784,22848,22912,22976,23040,23104,23168,23232,23296,23360,23424,23488,23552,23616,23680,23744,23808,23872,23936,24000,24064,24128,24192,24256,24320,24384,24448,24512,24576,24640,24704,24768,24832,24896,24960,25024,25088,25152,25216,25280,25344,25408,25472,25536,25600,25664,25728,25792,25856,25920,25984,26048,26112,26176,26240,26304,26368,26432,26496,26560,26624,26688,26752,26816,26880,26944,27008,27072,27136,27200,27264,27328,27392,27456,27520,27584,27648,27712,27776,27840,27904,27968,28032,28096,28160,28224,28288,28352,28416,28480,28544,28608,28672,28736,28800,28864,28928,28992,29056,29120,29184,29248,29312,29376,29440,29504,29568,29632,29696,29760,29824,29888,29952,30016,30080,30144,30208,30272,30336,30400,30464,30528,30592,30656,30720,30784,30848,30912,30976,31040,31104,31168,31232,31296,31360,31424,31488,31552,31616,31680,31744,31808,31872,31936,32000,32064,32128,32192,32256,32320,32384,32448,32512,32576,32640,32704], 'delta':32768, 'length':32768, 'agg':25, 'wrap':1, 'stride_kernel':64},
  {'name':'UNIFORM:512:64:NR', 'kernel':'Gather', 'pattern':[0,64,128,192,256,320,384,448,512,576,640,704,768,832,896,960,1024,1088,1152,1216,1280,1344,1408,1472,1536,1600,1664,1728,1792,1856,1920,1984,2048,2112,2176,2240,2304,2368,2432,2496,2560,2624,2688,2752,2816,2880,2944,3008,3072,3136,3200,3264,3328,3392,3456,3520,3584,3648,3712,3776,3840,3904,3968,4032,4096,4160,4224,4288,4352,4416,4480,4544,4608,4672,4736,4800,4864,4928,4992,5056,5120,5184,5248,5312,5376,5440,5504,5568,5632,5696,5760,5824,5888,5952,6016,6080,6144,6208,6272,6336,6400,6464,6528,6592,6656,6720,6784,6848,6912,6976,7040,7104,7168,7232,7296,7360,7424,7488,7552,7616,7680,7744,7808,7872,7936,8000,8064,8128,8192,8256,8320,8384,8448,8512,8576,8640,8704,8768,8832,8896,8960,9024,9088,9152,9216,9280,9344,9408,9472,9536,9600,9664,9728,9792,9856,9920,9984,10048,10112,10176,10240,10304,10368,10432,10496,10560,10624,10688,10752,10816,10880,10944,11008,11072,11136,11200,11264,11328,11392,11456,11520,11584,11648,11712,11776,11840,11904,11968,12032,12096,12160,12224,12288,12352,12416,12480,12544,12608,12672,12736,12800,12864,12928,12992,13056,13120,13184,13248,13312,13376,13440,13504,13568,13632,13696,13760,13824,13888,13952,14016,14080,14144,14208,14272,14336,14400,14464,14528,14592,14656,14720,14784,14848,14912,14976,15040,15104,15168,15232,15296,15360,15424,15488,15552,15616,15680,15744,15808,15872,15936,16000,16064,16128,16192,16256,16320,16384,16448,16512,16576,16640,16704,16768,16832,16896,16960,17024,17088,17152,17216,17280,17344,17408,17472,17536,17600,17664,17728,17792,17856,17920,17984,18048,18112,18176,18240,18304,18368,18432,18496,18560,18624,18688,18752,18816,18880,18944,19008,19072,19136,19200,19264,19328,19392,19456,19520,19584,19648,19712,19776,19840,19904,19968,20032,20096,20160,20224,20288,20352,20416,20480,20544,20608,20672,20736,20800,20864,20928,20992,21056,21120,21184,21248,21312,21376,21440,21504,21568,21632,21696,21760,21824,21888,21952,22016,22080,22144,22208,22272,22336,22400,22464,22528,22592,22656,22720,22784,22848,22912,22976,23040,23104,23168,23232,23296,23360,23424,23488,23552,23616,23680,23744,23808,23872,23936,24000,24064,24128,24192,24256,24320,24384,24448,24512,24576,24640,24704,24768,24832,24896,24960,25024,25088,25152,25216,25280,25344,25408,25472,25536,25600,25664,25728,25792,25856,25920,25984,26048,26112,26176,26240,26304,26368,26432,26496,26560,26624,26688,26752,26816,26880,26944,27008,27072,27136,27200,27264,27328,27392,27456,27520,27584,27648,27712,27776,27840,27904,27968,28032,28096,28160,28224,28288,28352,28416,28480,28544,28608,28672,28736,28800,28864,28928,28992,29056,29120,29184,29248,29312,29376,29440,29504,29568,29632,29696,29760,29824,29888,29952,30016,30080,30144,30208,30272,30336,30400,30464,30528,30592,30656,30720,30784,30848,30912,30976,31040,31104,31168,31232,31296,31360,31424,31488,31552,31616,31680,31744,31808,31872,31936,32000,32064,32128,32192,32256,32320,32384,32448,32512,32576,32640,32704], 'delta':32768, 'length':32768, 'agg':25, 'wrap':1, },
  {'name':'UNIFORM:512:64:NR', 'kernel':'Gather', 'pattern':[0,64,128,192,256,320,384,448,512,576,640,704,768,832,896,960,1024,1088,1152,1216,1280,1344,1408,1472,1536,1600,1664,1728,1792,1856,1920,1984,2048,2112,2176,2240,2304,2368,2432,2496,2560,2624,2688,2752,2816,2880,2944,3008,3072,3136,3200,3264,3328,3392,3456,3520,3584,3648,3712,3776,3840,3904,3968,4032,4096,4160,4224,4288,4352,4416,4480,4544,4608,4672,4736,4800,4864,4928,4992,5056,5120,5184,5248,5312,5376,5440,5504,5568,5632,5696,5760,5824,5888,5952,6016,6080,6144,6208,6272,6336,6400,6464,6528,6592,6656,6720,6784,6848,6912,6976,7040,7104,7168,7232,7296,7360,7424,7488,7552,7616,7680,7744,7808,7872,7936,8000,8064,8128,8192,8256,8320,8384,8448,8512,8576,8640,8704,8768,8832,8896,8960,9024,9088,9152,9216,9280,9344,9408,9472,9536,9600,9664,9728,9792,9856,9920,9984,10048,10112,10176,10240,10304,10368,10432,10496,10560,10624,10688,10752,10816,10880,10944,11008,11072,11136,11200,11264,11328,11392,11456,11520,11584,11648,11712,11776,11840,11904,11968,12032,12096,12160,12224,12288,12352,12416,12480,12544,12608,12672,12736,12800,12864,12928,12992,13056,13120,13184,13248,13312,13376,13440,13504,13568,13632,13696,13760,13824,13888,13952,14016,14080,14144,14208,14272,14336,14400,14464,14528,14592,14656,14720,14784,14848,14912,14976,15040,15104,15168,15232,15296,15360,15424,15488,15552,15616,15680,15744,15808,15872,15936,16000,16064,16128,16192,16256,16320,16384,16448,16512,16576,16640,16704,16768,16832,16896,16960,17024,17088,17152,17216,17280,17344,17408,17472,17536,17600,17664,17728,17792,17856,17920,17984,18048,18112,18176,18240,18304,18368,18432,18496,18560,18624,18688,18752,18816,18880,18944,19008,19072,19136,19200,19264,19328,19392,19456,19520,19584,19648,19712,19776,19840,19904,19968,20032,20096,20160,20224,20288,20352,20416,20480,20544,20608,20672,20736,20800,20864,20928,20992,21056,21120,21184,21248,21312,21376,21440,21504,21568,21632,21696,21760,21824,21888,21952,22016,22080,22144,22208,22272,22336,22400,22464,22528,22592,22656,22720,22784,22848,22912,22976,23040,23104,23168,23232,23296,23360,23424,23488,23552,23616,23680,23744,23808,23872,23936,24000,24064,24128,24192,24256,24320,24384,24448,24512,24576,24640,24704,24768,24832,24896,24960,25024,25088,25152,25216,25280,25344,25408,25472,25536,25600,25664,25728,25792,25856,25920,25984,26048,26112,26176,26240,26304,26368,26432,26496,26560,26624,26688,26752,26816,26880,26944,27008,27072,27136,27200,27264,27328,27392,27456,27520,27584,27648,27712,27776,27840,27904,27968,28032,28096,28160,28224,28288,28352,28416,28480,28544,28608,28672,28736,28800,28864,28928,28992,29056,29120,29184,29248,29312,29376,29440,29504,29568,29632,29696,29760,29824,29888,29952,30016,30080,30144,30208,30272,30336,30400,30464,30528,30592,30656,30720,30784,30848,30912,30976,31040,31104,31168,31232,31296,31360,31424,31488,31552,31616,31680,31744,31808,31872,31936,32000,32064,32128,32192,32256,32320,32384,32448,32512,32576,32640,32704], 'delta':32768, 'length':32768, 'agg':25, 'wrap':1, , 'morton':1},
  {'name':'UNIFORM:512:128:NR', 'kernel':'Gather', 'pattern':[0,128,256,384,512,640,768,896,1024,1152,1280,1408,1536,1664,1792,1920,2048,2176,2304,2432,2560,2688,2816,2944,3072,3200,3328,3456,3584,3712,3840,3968,4096,4224,4352,4480,4608,4736,4864,4992,5120,5248,5376,5504,5632,5760,5888,6016,6144,6272,6400,6528,6656,6784,6912,7040,7168,7296,7424,7552,7680,7808,7936,8064,8192,8320,8448,8576,8704,8832,8960,9088,9216,9344,9472,9600,9728,9856,9984,10112,10240,10368,10496,10624,10752,10880,11008,11136,11264,11392,11520,11648,11776,11904,12032,12160,12288,12416,12544,12672,12800,12928,13056,13184,13312,13440,13568,13696,13824,13952,14080,14208,14336,14464,14592,14720,14848,14976,15104,15232,15360,15488,15616,15744,15872,16000,16128,16256,16384,16512,16640,16768,16896,17024,17152,17280,17408,17536,17664,17792,17920,18048,18176,18304,18432,18560,18688,18816,18944,19072,19200,19328,19456,19584,19712,19840,19968,20096,20224,20352,20480,20608,20736,20864,20992,21120,21248,21376,21504,21632,21760,21888,22016,22144,22272,22400,22528,22656,22784,22912,23040,23168,23296,23424,23552,23680,23808,23936,24064,24192,24320,24448,24576,24704,24832,24960,25088,25216,25344,25472,25600,25728,25856,25984,26112,26240,26368,26496,26624,26752,26880,27008,27136,27264,27392,27520,27648,27776,27904,28032,28160,28288,28416,28544,28672,28800,28928,29056,29184,29312,29440,29568,29696,29824,29952,30080,30208,30336,30464,30592,30720,30848,30976,31104,31232,31360,31488,31616,31744,31872,32000,32128,32256,32384,32512,32640,32768,32896,33024,33152,33280,33408,33536,33664,33792,33920,34048,34176,34304,34432,34560,34688,34816,34944,35072,35200,35328,35456,35584,35712,35840,35968,36096,36224,36352,36480,36608,36736,36864,36992,37120,37248,37376,37504,37632,37760,37888,38016,38144,38272,38400,38528,38656,38784,38912,39040,39168,39296,39424,39552,39680,39808,39936,40064,40192,40320,40448,40576,40704,40832,40960,41088,41216,41344,41472,41600,41728,41856,41984,42112,42240,42368,42496,42624,42752,42880,43008,43136,43264,43392,43520,43648,43776,43904,44032,44160,44288,44416,44544,44672,44800,44928,45056,45184,45312,45440,45568,45696,45824,45952,46080,46208,46336,46464,46592,46720,46848,46976,47104,47232,47360,47488,47616,47744,47872,48000,48128,48256,48384,48512,48640,48768,48896,49024,49152,49280,49408,49536,49664,49792,49920,50048,50176,50304,50432,50560,50688,50816,50944,51072,51200,51328,51456,51584,51712,51840,51968,52096,52224,52352,52480,52608,52736,52864,52992,53120,53248,53376,53504,53632,53760,53888,54016,54144,54272,54400,54528,54656,54784,54912,55040,55168,55296,55424,55552,55680,55808,55936,56064,56192,56320,56448,56576,56704,56832,56960,57088,57216,57344,57472,57600,57728,57856,57984,58112,58240,58368,58496,58624,58752,58880,59008,59136,59264,59392,59520,59648,59776,59904,60032,60160,60288,60416,60544,60672,60800,60928,61056,61184,61312,61440,61568,61696,61824,61952,62080,62208,62336,62464,62592,62720,62848,62976,63104,63232,63360,63488,63616,63744,63872,64000,64128,64256,64384,64512,64640,64768,64896,65024,65152,65280,65408], 'delta':65536, 'length':16384, 'agg':25, 'wrap':1, 'stride_kernel':128},
  {'name':'UNIFORM:512:128:NR', 'kernel':'Gather', 'pattern':[0,128,256,384,512,640,768,896,1024,1152,1280,1408,1536,1664,1792,1920,2048,2176,2304,2432,2560,2688,2816,2944,3072,3200,3328,3456,3584,3712,3840,3968,4096,4224,4352,4480,4608,4736,4864,4992,5120,5248,5376,5504,5632,5760,5888,6016,6144,6272,6400,6528,6656,6784,6912,7040,7168,7296,7424,7552,7680,7808,7936,8064,8192,8320,8448,8576,8704,8832,8960,9088,9216,9344,9472,9600,9728,9856,9984,10112,10240,10368,10496,10624,10752,10880,11008,11136,11264,11392,11520,11648,11776,11904,12032,12160,12288,12416,12544,12672,12800,12928,13056,13184,13312,13440,13568,13696,13824,13952,14080,14208,14336,14464,14592,14720,14848,14976,15104,15232,15360,15488,15616,15744,15872,16000,16128,16256,16384,16512,16640,16768,16896,17024,17152,17280,17408,17536,17664,17792,17920,18048,18176,18304,18432,18560,18688,18816,18944,19072,19200,19328,19456,19584,19712,19840,19968,20096,20224,20352,20480,20608,20736,20864,20992,21120,21248,21376,21504,21632,21760,21888,22016,22144,22272,22400,22528,22656,22784,22912,23040,23168,23296,23424,23552,23680,23808,23936,24064,24192,24320,24448,24576,24704,24832,24960,25088,25216,25344,25472,25600,25728,25856,25984,26112,26240,26368,26496,26624,26752,26880,27008,27136,27264,27392,27520,27648,27776,27904,28032,28160,28288,28416,28544,28672,28800,28928,29056,29184,29312,29440,29568,29696,29824,29952,30080,30208,30336,30464,30592,30720,30848,30976,31104,31232,31360,31488,31616,31744,31872,32000,32128,32256,32384,32512,32640,32768,32896,33024,33152,33280,33408,33536,33664,33792,33920,34048,34176,34304,34432,34560,34688,34816,34944,35072,35200,35328,35456,35584,35712,35840,35968,36096,36224,36352,36480,36608,36736,36864,36992,37120,37248,37376,37504,37632,37760,37888,38016,38144,38272,38400,38528,38656,38784,38912,39040,39168,39296,39424,39552,39680,39808,39936,40064,40192,40320,40448,40576,40704,40832,40960,41088,41216,41344,41472,41600,41728,41856,41984,42112,42240,42368,42496,42624,42752,42880,43008,43136,43264,43392,43520,43648,43776,43904,44032,44160,44288,44416,44544,44672,44800,44928,45056,45184,45312,45440,45568,45696,45824,45952,46080,46208,46336,46464,46592,46720,46848,46976,47104,47232,47360,47488,47616,47744,47872,48000,48128,48256,48384,48512,48640,48768,48896,49024,49152,49280,49408,49536,49664,49792,49920,50048,50176,50304,50432,50560,50688,50816,50944,51072,51200,51328,51456,51584,51712,51840,51968,52096,52224,52352,52480,52608,52736,52864,52992,53120,53248,53376,53504,53632,53760,53888,54016,54144,54272,54400,54528,54656,54784,54912,55040,55168,55296,55424,55552,55680,55808,55936,56064,56192,56320,56448,56576,56704,56832,56960,57088,57216,57344,57472,57600,57728,57856,57984,58112,58240,58368,58496,58624,58752,58880,59008,59136,59264,59392,59520,59648,59776,59904,60032,60160,60288,60416,60544,60672,60800,60928,61056,61184,61312,61440,61568,61696,61824,61952,62080,62208,62336,62464,62592,62720,62848,62976,63104,63232,63360,63488,63616,63744,63872,64000,64128,64256,64384,64512,64640,64768,64896,65024,65152,65280,65408], 'delta':65536, 'length':16384, 'agg':25, 'wrap':1, },
  {'name':'UNIFORM:512:128:NR', 'kernel':'Gather', 'pattern':[0,128,256,384,512,640,768,896,1024,1152,1280,1408,1536,1664,1792,1920,2048,2176,2304,2432,2560,2688,2816,2944,3072,3200,3328,3456,3584,3712,3840,3968,4096,4224,4352,4480,4608,4736,4864,4992,5120,5248,5376,5504,5632,5760,5888,6016,6144,6272,6400,6528,6656,6784,6912,7040,7168,7296,7424,7552,7680,7808,7936,8064,8192,8320,8448,8576,8704,8832,8960,9088,9216,9344,9472,9600,9728,9856,9984,10112,10240,10368,10496,10624,10752,10880,11008,11136,11264,11392,11520,11648,11776,11904,12032,12160,12288,12416,12544,12672,12800,12928,13056,13184,13312,13440,13568,13696,13824,13952,14080,14208,14336,14464,14592,14720,14848,14976,15104,15232,15360,15488,15616,15744,15872,16000,16128,16256,16384,16512,16640,16768,16896,17024,17152,17280,17408,17536,17664,17792,17920,18048,18176,18304,18432,18560,18688,18816,18944,19072,19200,19328,19456,19584,19712,19840,19968,20096,20224,20352,20480,20608,20736,20864,20992,21120,21248,21376,21504,21632,21760,21888,22016,22144,22272,22400,22528,22656,22784,22912,23040,23168,23296,23424,23552,23680,23808,23936,24064,24192,24320,24448,24576,24704,24832,24960,25088,25216,25344,25472,25600,25728,25856,25984,26112,26240,26368,26496,26624,26752,26880,27008,27136,27264,27392,27520,27648,27776,27904,28032,28160,28288,28416,28544,28672,28800,28928,29056,29184,29312,29440,29568,29696,29824,29952,30080,30208,30336,30464,30592,30720,30848,30976,31104,31232,31360,31488,31616,31744,31872,32000,32128,32256,32384,32512,32640,32768,32896,33024,33152,33280,33408,33536,33664,33792,33920,34048,34176,34304,34432,34560,34688,34816,34944,35072,35200,35328,35456,35584,35712,35840,35968,36096,36224,36352,36480,36608,36736,36864,36992,37120,37248,37376,37504,37632,37760,37888,38016,38144,38272,38400,38528,38656,38784,38912,39040,39168,39296,39424,39552,39680,39808,39936,40064,40192,40320,40448,40576,40704,40832,40960,41088,41216,41344,41472,41600,41728,41856,41984,42112,42240,42368,42496,42624,42752,42880,43008,43136,43264,43392,43520,43648,43776,43904,44032,44160,44288,44416,44544,44672,44800,44928,45056,45184,45312,45440,45568,45696,45824,45952,46080,46208,46336,46464,46592,46720,46848,46976,47104,47232,47360,47488,47616,47744,47872,48000,48128,48256,48384,48512,48640,48768,48896,49024,49152,49280,49408,49536,49664,49792,49920,50048,50176,50304,50432,50560,50688,50816,50944,51072,51200,51328,51456,51584,51712,51840,51968,52096,52224,52352,52480,52608,52736,52864,52992,53120,53248,53376,53504,53632,53760,53888,54016,54144,54272,54400,54528,54656,54784,54912,55040,55168,55296,55424,55552,55680,55808,55936,56064,56192,56320,56448,56576,56704,56832,56960,57088,57216,57344,57472,57600,57728,57856,57984,58112,58240,58368,58496,58624,58752,58880,59008,59136,59264,59392,59520,59648,59776,59904,60032,60160,60288,60416,60544,60672,60800,60928,61056,61184,61312,61440,61568,61696,61824,61952,62080,62208,62336,62464,62592,62720,62848,62976,63104,63232,63360,63488,63616,63744,63872,64000,64128,64256,64384,64512,64640,64768,64896,65024,65152,65280,65408], 'delta':65536, 'length':16384, 'agg':25, 'wrap':1, , 'morton':1},
  {'name':'UNIFORM:512:256:NR', 'kernel':'Gather', 'pattern':[0,256,512,768,1024,1280,1536,1792,2048,2304,2560,2816,3072,3328,3584,3840,4096,4352,4608,4864,5120,5376,5632,5888,6144,6400,6656,6912,7168,7424,7680,7936,8192,8448,8704,8960,9216,9472,9728,9984,10240,10496,10752,11008,11264,11520,11776,12032,12288,12544,12800,13056,13312,13568,13824,14080,14336,14592,14848,15104,15360,15616,15872,16128,16384,16640,16896,17152,17408,17664,17920,18176,18432,18688,18944,19200,19456,19712,19968,20224,20480,20736,20992,21248,21504,21760,22016,22272,22528,22784,23040,23296,23552,23808,24064,24320,24576,24832,25088,25344,25600,25856,26112,26368,26624,26880,27136,27392,27648,27904,28160,28416,28672,28928,29184,29440,29696,29952,30208,30464,30720,30976,31232,31488,31744,32000,32256,32512,32768,33024,33280,33536,33792,34048,34304,34560,34816,35072,35328,35584,35840,36096,36352,36608,36864,37120,37376,37632,37888,38144,38400,38656,38912,39168,39424,39680,39936,40192,40448,40704,40960,41216,41472,41728,41984,42240,42496,42752,43008,43264,43520,43776,44032,44288,44544,44800,45056,45312,45568,45824,46080,46336,46592,46848,47104,47360,47616,47872,48128,48384,48640,48896,49152,49408,49664,49920,50176,50432,50688,50944,51200,51456,51712,51968,52224,52480,52736,52992,53248,53504,53760,54016,54272,54528,54784,55040,55296,55552,55808,56064,56320,56576,56832,57088,57344,57600,57856,58112,58368,58624,58880,59136,59392,59648,59904,60160,60416,60672,60928,61184,61440,61696,61952,62208,62464,62720,62976,63232,63488,63744,64000,64256,64512,64768,65024,65280,65536,65792,66048,66304,66560,66816,67072,67328,67584,67840,68096,68352,68608,68864,69120,69376,69632,69888,70144,70400,70656,70912,71168,71424,71680,71936,72192,72448,72704,72960,73216,73472,73728,73984,74240,74496,74752,75008,75264,75520,75776,76032,76288,76544,76800,77056,77312,77568,77824,78080,78336,78592,78848,79104,79360,79616,79872,80128,80384,80640,80896,81152,81408,81664,81920,82176,82432,82688,82944,83200,83456,83712,83968,84224,84480,84736,84992,85248,85504,85760,86016,86272,86528,86784,87040,87296,87552,87808,88064,88320,88576,88832,89088,89344,89600,89856,90112,90368,90624,90880,91136,91392,91648,91904,92160,92416,92672,92928,93184,93440,93696,93952,94208,94464,94720,94976,95232,95488,95744,96000,96256,96512,96768,97024,97280,97536,97792,98048,98304,98560,98816,99072,99328,99584,99840,100096,100352,100608,100864,101120,101376,101632,101888,102144,102400,102656,102912,103168,103424,103680,103936,104192,104448,104704,104960,105216,105472,105728,105984,106240,106496,106752,107008,107264,107520,107776,108032,108288,108544,108800,109056,109312,109568,109824,110080,110336,110592,110848,111104,111360,111616,111872,112128,112384,112640,112896,113152,113408,113664,113920,114176,114432,114688,114944,115200,115456,115712,115968,116224,116480,116736,116992,117248,117504,117760,118016,118272,118528,118784,119040,119296,119552,119808,120064,120320,120576,120832,121088,121344,121600,121856,122112,122368,122624,122880,123136,123392,123648,123904,124160,124416,124672,124928,125184,125440,125696,125952,126208,126464,126720,126976,127232,127488,127744,128000,128256,128512,128768,129024,129280,129536,129792,130048,130304,130560,130816], 'delta':131072, 'length':8192, 'agg':25, 'wrap':1, 'stride_kernel':256},
  {'name':'UNIFORM:512:256:NR', 'kernel':'Gather', 'pattern':[0,256,512,768,1024,1280,1536,1792,2048,2304,2560,2816,3072,3328,3584,3840,4096,4352,4608,4864,5120,5376,5632,5888,6144,6400,6656,6912,7168,7424,7680,7936,8192,8448,8704,8960,9216,9472,9728,9984,10240,10496,10752,11008,11264,11520,11776,12032,12288,12544,12800,13056,13312,13568,13824,14080,14336,14592,14848,15104,15360,15616,15872,16128,16384,16640,16896,17152,17408,17664,17920,18176,18432,18688,18944,19200,19456,19712,19968,20224,20480,20736,20992,21248,21504,21760,22016,22272,22528,22784,23040,23296,23552,23808,24064,24320,24576,24832,25088,25344,25600,25856,26112,26368,26624,26880,27136,27392,27648,27904,28160,28416,28672,28928,29184,29440,29696,29952,30208,30464,30720,30976,31232,31488,31744,32000,32256,32512,32768,33024,33280,33536,33792,34048,34304,34560,34816,35072,35328,35584,35840,36096,36352,36608,36864,37120,37376,37632,37888,38144,38400,38656,38912,39168,39424,39680,39936,40192,40448,40704,40960,41216,41472,41728,41984,42240,42496,42752,43008,43264,43520,43776,44032,44288,44544,44800,45056,45312,45568,45824,46080,46336,46592,46848,47104,47360,47616,47872,48128,48384,48640,48896,49152,49408,49664,49920,50176,50432,50688,50944,51200,51456,51712,51968,52224,52480,52736,52992,53248,53504,53760,54016,54272,54528,54784,55040,55296,55552,55808,56064,56320,56576,56832,57088,57344,57600,57856,58112,58368,58624,58880,59136,59392,59648,59904,60160,60416,60672,60928,61184,61440,61696,61952,62208,62464,62720,62976,63232,63488,63744,64000,64256,64512,64768,65024,65280,65536,65792,66048,66304,66560,66816,67072,67328,67584,67840,68096,68352,68608,68864,69120,69376,69632,69888,70144,70400,70656,70912,71168,71424,71680,71936,72192,72448,72704,72960,73216,73472,73728,73984,74240,74496,74752,75008,75264,75520,75776,76032,76288,76544,76800,77056,77312,77568,77824,78080,78336,78592,78848,79104,79360,79616,79872,80128,80384,80640,80896,81152,81408,81664,81920,82176,82432,82688,82944,83200,83456,83712,83968,84224,84480,84736,84992,85248,85504,85760,86016,86272,86528,86784,87040,87296,87552,87808,88064,88320,88576,88832,89088,89344,89600,89856,90112,90368,90624,90880,91136,91392,91648,91904,92160,92416,92672,92928,93184,93440,93696,93952,94208,94464,94720,94976,95232,95488,95744,96000,96256,96512,96768,97024,97280,97536,97792,98048,98304,98560,98816,99072,99328,99584,99840,100096,100352,100608,100864,101120,101376,101632,101888,102144,102400,102656,102912,103168,103424,103680,103936,104192,104448,104704,104960,105216,105472,105728,105984,106240,106496,106752,107008,107264,107520,107776,108032,108288,108544,108800,109056,109312,109568,109824,110080,110336,110592,110848,111104,111360,111616,111872,112128,112384,112640,112896,113152,113408,113664,113920,114176,114432,114688,114944,115200,115456,115712,115968,116224,116480,116736,116992,117248,117504,117760,118016,118272,118528,118784,119040,119296,119552,119808,120064,120320,120576,120832,121088,121344,121600,121856,122112,122368,122624,122880,123136,123392,123648,123904,124160,124416,124672,124928,125184,125440,125696,125952,126208,126464,126720,126976,127232,127488,127744,128000,128256,128512,128768,129024,129280,129536,129792,130048,130304,130560,130816], 'delta':131072, 'length':8192, 'agg':25, 'wrap':1, },
  {'name':'UNIFORM:512:256:NR', 'kernel':'Gather', 'pattern':[0,256,512,768,1024,1280,1536,1792,2048,2304,2560,2816,3072,3328,3584,3840,4096,4352,4608,4864,5120,5376,5632,5888,6144,6400,6656,6912,7168,7424,7680,7936,8192,8448,8704,8960,9216,9472,9728,9984,10240,10496,10752,11008,11264,11520,11776,12032,12288,12544,12800,13056,13312,13568,13824,14080,14336,14592,14848,15104,15360,15616,15872,16128,16384,16640,16896,17152,17408,17664,17920,18176,18432,18688,18944,19200,19456,19712,19968,20224,20480,20736,20992,21248,21504,21760,22016,22272,22528,22784,23040,23296,23552,23808,24064,24320,24576,24832,25088,25344,25600,25856,26112,26368,26624,26880,27136,27392,27648,27904,28160,28416,28672,28928,29184,29440,29696,29952,30208,30464,30720,30976,31232,31488,31744,32000,32256,32512,32768,33024,33280,33536,33792,34048,34304,34560,34816,35072,35328,35584,35840,36096,36352,36608,36864,37120,37376,37632,37888,38144,38400,38656,38912,39168,39424,39680,39936,40192,40448,40704,40960,41216,41472,41728,41984,42240,42496,42752,43008,43264,43520,43776,44032,44288,44544,44800,45056,45312,45568,45824,46080,46336,46592,46848,47104,47360,47616,47872,48128,48384,48640,48896,49152,49408,49664,49920,50176,50432,50688,50944,51200,51456,51712,51968,52224,52480,52736,52992,53248,53504,53760,54016,54272,54528,54784,55040,55296,55552,55808,56064,56320,56576,56832,57088,57344,57600,57856,58112,58368,58624,58880,59136,59392,59648,59904,60160,60416,60672,60928,61184,61440,61696,61952,62208,62464,62720,62976,63232,63488,63744,64000,64256,64512,64768,65024,65280,65536,65792,66048,66304,66560,66816,67072,67328,67584,67840,68096,68352,68608,68864,69120,69376,69632,69888,70144,70400,70656,70912,71168,71424,71680,71936,72192,72448,72704,72960,73216,73472,73728,73984,74240,74496,74752,75008,75264,75520,75776,76032,76288,76544,76800,77056,77312,77568,77824,78080,78336,78592,78848,79104,79360,79616,79872,80128,80384,80640,80896,81152,81408,81664,81920,82176,82432,82688,82944,83200,83456,83712,83968,84224,84480,84736,84992,85248,85504,85760,86016,86272,86528,86784,87040,87296,87552,87808,88064,88320,88576,88832,89088,89344,89600,89856,90112,90368,90624,90880,91136,91392,91648,91904,92160,92416,92672,92928,93184,93440,93696,93952,94208,94464,94720,94976,95232,95488,95744,96000,96256,96512,96768,97024,97280,97536,97792,98048,98304,98560,98816,99072,99328,99584,99840,100096,100352,100608,100864,101120,101376,101632,101888,102144,102400,102656,102912,103168,103424,103680,103936,104192,104448,104704,104960,105216,105472,105728,105984,106240,106496,106752,107008,107264,107520,107776,108032,108288,108544,108800,109056,109312,109568,109824,110080,110336,110592,110848,111104,111360,111616,111872,112128,112384,112640,112896,113152,113408,113664,113920,114176,114432,114688,114944,115200,115456,115712,115968,116224,116480,116736,116992,117248,117504,117760,118016,118272,118528,118784,119040,119296,119552,119808,120064,120320,120576,120832,121088,121344,121600,121856,122112,122368,122624,122880,123136,123392,123648,123904,124160,124416,124672,124928,125184,125440,125696,125952,126208,126464,126720,126976,127232,127488,127744,128000,128256,128512,128768,129024,129280,129536,129792,130048,130304,130560,130816], 'delta':131072, 'length':8192, 'agg':25, 'wrap':1, , 'morton':1},
  {'name':'UNIFORM:512:512:NR', 'kernel':'Gather', 'pattern':[0,512,1024,1536,2048,2560,3072,3584,4096,4608,5120,5632,6144,6656,7168,7680,8192,8704,9216,9728,10240,10752,11264,11776,12288,12800,13312,13824,14336,14848,15360,15872,16384,16896,17408,17920,18432,18944,19456,19968,20480,20992,21504,22016,22528,23040,23552,24064,24576,25088,25600,26112,26624,27136,27648,28160,28672,29184,29696,30208,30720,31232,31744,32256,32768,33280,33792,34304,34816,35328,35840,36352,36864,37376,37888,38400,38912,39424,39936,40448,40960,41472,41984,42496,43008,43520,44032,44544,45056,45568,46080,46592,47104,47616,48128,48640,49152,49664,50176,50688,51200,51712,52224,52736,53248,53760,54272,54784,55296,55808,56320,56832,57344,57856,58368,58880,59392,59904,60416,60928,61440,61952,62464,62976,63488,64000,64512,65024,65536,66048,66560,67072,67584,68096,68608,69120,69632,70144,70656,71168,71680,72192,72704,73216,73728,74240,74752,75264,75776,76288,76800,77312,77824,78336,78848,79360,79872,80384,80896,81408,81920,82432,82944,83456,83968,84480,84992,85504,86016,86528,87040,87552,88064,88576,89088,89600,90112,90624,91136,91648,92160,92672,93184,93696,94208,94720,95232,95744,96256,96768,97280,97792,98304,98816,99328,99840,100352,100864,101376,101888,102400,102912,103424,103936,104448,104960,105472,105984,106496,107008,107520,108032,108544,109056,109568,110080,110592,111104,111616,112128,112640,113152,113664,114176,114688,115200,115712,116224,116736,117248,117760,118272,118784,119296,119808,120320,120832,121344,121856,122368,122880,123392,123904,124416,124928,125440,125952,126464,126976,127488,128000,128512,129024,129536,130048,130560,131072,131584,132096,132608,133120,133632,134144,134656,135168,135680,136192,136704,137216,137728,138240,138752,139264,139776,140288,140800,141312,141824,142336,142848,143360,143872,144384,144896,145408,145920,146432,146944,147456,147968,148480,148992,149504,150016,150528,151040,151552,152064,152576,153088,153600,154112,154624,155136,155648,156160,156672,157184,157696,158208,158720,159232,159744,160256,160768,161280,161792,162304,162816,163328,163840,164352,164864,165376,165888,166400,166912,167424,167936,168448,168960,169472,169984,170496,171008,171520,172032,172544,173056,173568,174080,174592,175104,175616,176128,176640,177152,177664,178176,178688,179200,179712,180224,180736,181248,181760,182272,182784,183296,183808,184320,184832,185344,185856,186368,186880,187392,187904,188416,188928,189440,189952,190464,190976,191488,192000,192512,193024,193536,194048,194560,195072,195584,196096,196608,197120,197632,198144,198656,199168,199680,200192,200704,201216,201728,202240,202752,203264,203776,204288,204800,205312,205824,206336,206848,207360,207872,208384,208896,209408,209920,210432,210944,211456,211968,212480,212992,213504,214016,214528,215040,215552,216064,216576,217088,217600,218112,218624,219136,219648,220160,220672,221184,221696,222208,222720,223232,223744,224256,224768,225280,225792,226304,226816,227328,227840,228352,228864,229376,229888,230400,230912,231424,231936,232448,232960,233472,233984,234496,235008,235520,236032,236544,237056,237568,238080,238592,239104,239616,240128,240640,241152,241664,242176,242688,243200,243712,244224,244736,245248,245760,246272,246784,247296,247808,248320,248832,249344,249856,250368,250880,251392,251904,252416,252928,253440,253952,254464,254976,255488,256000,256512,257024,257536,258048,258560,259072,259584,260096,260608,261120,261632], 'delta':262144, 'length':4096, 'agg':25, 'wrap':1, 'stride_kernel':512},
  {'name':'UNIFORM:512:512:NR', 'kernel':'Gather', 'pattern':[0,512,1024,1536,2048,2560,3072,3584,4096,4608,5120,5632,6144,6656,7168,7680,8192,8704,9216,9728,10240,10752,11264,11776,12288,12800,13312,13824,14336,14848,15360,15872,16384,16896,17408,17920,18432,18944,19456,19968,20480,20992,21504,22016,22528,23040,23552,24064,24576,25088,25600,26112,26624,27136,27648,28160,28672,29184,29696,30208,30720,31232,31744,32256,32768,33280,33792,34304,34816,35328,35840,36352,36864,37376,37888,38400,38912,39424,39936,40448,40960,41472,41984,42496,43008,43520,44032,44544,45056,45568,46080,46592,47104,47616,48128,48640,49152,49664,50176,50688,51200,51712,52224,52736,53248,53760,54272,54784,55296,55808,56320,56832,57344,57856,58368,58880,59392,59904,60416,60928,61440,61952,62464,62976,63488,64000,64512,65024,65536,66048,66560,67072,67584,68096,68608,69120,69632,70144,70656,71168,71680,72192,72704,73216,73728,74240,74752,75264,75776,76288,76800,77312,77824,78336,78848,79360,79872,80384,80896,81408,81920,82432,82944,83456,83968,84480,84992,85504,86016,86528,87040,87552,88064,88576,89088,89600,90112,90624,91136,91648,92160,92672,93184,93696,94208,94720,95232,95744,96256,96768,97280,97792,98304,98816,99328,99840,100352,100864,101376,101888,102400,102912,103424,103936,104448,104960,105472,105984,106496,107008,107520,108032,108544,109056,109568,110080,110592,111104,111616,112128,112640,113152,113664,114176,114688,115200,115712,116224,116736,117248,117760,118272,118784,119296,119808,120320,120832,121344,121856,122368,122880,123392,123904,124416,124928,125440,125952,126464,126976,127488,128000,128512,129024,129536,130048,130560,131072,131584,132096,132608,133120,133632,134144,134656,135168,135680,136192,136704,137216,137728,138240,138752,139264,139776,140288,140800,141312,141824,142336,142848,143360,143872,144384,144896,145408,145920,146432,146944,147456,147968,148480,148992,149504,150016,150528,151040,151552,152064,152576,153088,153600,154112,154624,155136,155648,156160,156672,157184,157696,158208,158720,159232,159744,160256,160768,161280,161792,162304,162816,163328,163840,164352,164864,165376,165888,166400,166912,167424,167936,168448,168960,169472,169984,170496,171008,171520,172032,172544,173056,173568,174080,174592,175104,175616,176128,176640,177152,177664,178176,178688,179200,179712,180224,180736,181248,181760,182272,182784,183296,183808,184320,184832,185344,185856,186368,186880,187392,187904,188416,188928,189440,189952,190464,190976,191488,192000,192512,193024,193536,194048,194560,195072,195584,196096,196608,197120,197632,198144,198656,199168,199680,200192,200704,201216,201728,202240,202752,203264,203776,204288,204800,205312,205824,206336,206848,207360,207872,208384,208896,209408,209920,210432,210944,211456,211968,212480,212992,213504,214016,214528,215040,215552,216064,216576,217088,217600,218112,218624,219136,219648,220160,220672,221184,221696,222208,222720,223232,223744,224256,224768,225280,225792,226304,226816,227328,227840,228352,228864,229376,229888,230400,230912,231424,231936,232448,232960,233472,233984,234496,235008,235520,236032,236544,237056,237568,238080,238592,239104,239616,240128,240640,241152,241664,242176,242688,243200,243712,244224,244736,245248,245760,246272,246784,247296,247808,248320,248832,249344,249856,250368,250880,251392,251904,252416,252928,253440,253952,254464,254976,255488,256000,256512,257024,257536,258048,258560,259072,259584,260096,260608,261120,261632], 'delta':262144, 'length':4096, 'agg':25, 'wrap':1, },
  {'name':'UNIFORM:512:512:NR', 'kernel':'Gather', 'pattern':[0,512,1024,1536,2048,2560,3072,3584,4096,4608,5120,5632,6144,6656,7168,7680,8192,8704,9216,9728,10240,10752,11264,11776,12288,12800,13312,13824,14336,14848,15360,15872,16384,16896,17408,17920,18432,18944,19456,19968,20480,20992,21504,22016,22528,23040,23552,24064,24576,25088,25600,26112,26624,27136,27648,28160,28672,29184,29696,30208,30720,31232,31744,32256,32768,33280,33792,34304,34816,35328,35840,36352,36864,37376,37888,38400,38912,39424,39936,40448,40960,41472,41984,42496,43008,43520,44032,44544,45056,45568,46080,46592,47104,47616,48128,48640,49152,49664,50176,50688,51200,51712,52224,52736,53248,53760,54272,54784,55296,55808,56320,56832,57344,57856,58368,58880,59392,59904,60416,60928,61440,61952,62464,62976,63488,64000,64512,65024,65536,66048,66560,67072,67584,68096,68608,69120,69632,70144,70656,71168,71680,72192,72704,73216,73728,74240,74752,75264,75776,76288,76800,77312,77824,78336,78848,79360,79872,80384,80896,81408,81920,82432,82944,83456,83968,84480,84992,85504,86016,86528,87040,87552,88064,88576,89088,89600,90112,90624,91136,91648,92160,92672,93184,93696,94208,94720,95232,95744,96256,96768,97280,97792,98304,98816,99328,99840,100352,100864,101376,101888,102400,102912,103424,103936,104448,104960,105472,105984,106496,107008,107520,108032,108544,109056,109568,110080,110592,111104,111616,112128,112640,113152,113664,114176,114688,115200,115712,116224,116736,117248,117760,118272,118784,119296,119808,120320,120832,121344,121856,122368,122880,123392,123904,124416,124928,125440,125952,126464,126976,127488,128000,128512,129024,129536,130048,130560,131072,131584,132096,132608,133120,133632,134144,134656,135168,135680,136192,136704,137216,137728,138240,138752,139264,139776,140288,140800,141312,141824,142336,142848,143360,143872,144384,144896,145408,145920,146432,146944,147456,147968,148480,148992,149504,150016,150528,151040,151552,152064,152576,153088,153600,154112,154624,155136,155648,156160,156672,157184,157696,158208,158720,159232,159744,160256,160768,161280,161792,162304,162816,163328,163840,164352,164864,165376,165888,166400,166912,167424,167936,168448,168960,169472,169984,170496,171008,171520,172032,172544,173056,173568,174080,174592,175104,175616,176128,176640,177152,177664,178176,178688,179200,179712,180224,180736,181248,181760,182272,182784,183296,183808,184320,184832,185344,185856,186368,186880,187392,187904,188416,188928,189440,189952,190464,190976,191488,192000,192512,193024,193536,194048,194560,195072,195584,196096,196608,197120,197632,198144,198656,199168,199680,200192,200704,201216,201728,202240,202752,203264,203776,204288,204800,205312,205824,206336,206848,207360,207872,208384,208896,209408,209920,210432,210944,211456,211968,212480,212992,213504,214016,214528,215040,215552,216064,216576,217088,217600,218112,218624,219136,219648,220160,220672,221184,221696,222208,222720,223232,223744,224256,224768,225280,225792,226304,226816,227328,227840,228352,228864,229376,229888,230400,230912,231424,231936,232448,232960,233472,233984,234496,235008,235520,236032,236544,237056,237568,238080,238592,239104,239616,240128,240640,241152,241664,242176,242688,243200,243712,244224,244736,245248,245760,246272,246784,247296,247808,248320,248832,249344,249856,250368,250880,251392,251904,252416,252928,253440,253952,254464,254976,255488,256000,256512,257024,257536,258048,258560,259072,259584,260096,260608,261120,261632], 'delta':262144, 'length':4096, 'agg':25, 'wrap':1, , 'morton':1},
  {'name':'UNIFORM:512:1024:NR', 'kernel':'Gather', 'pattern':[0,1024,2048,3072,4096,5120,6144,7168,8192,9216,10240,11264,12288,13312,14336,15360,16384,17408,18432,19456,20480,21504,22528,23552,24576,25600,26624,27648,28672,29696,30720,31744,32768,33792,34816,35840,36864,37888,38912,39936,40960,41984,43008,44032,45056,46080,47104,48128,49152,50176,51200,52224,53248,54272,55296,56320,57344,58368,59392,60416,61440,62464,63488,64512,65536,66560,67584,68608,69632,70656,71680,72704,73728,74752,75776,76800,77824,78848,79872,80896,81920,82944,83968,84992,86016,87040,88064,89088,90112,91136,92160,93184,94208,95232,96256,97280,98304,99328,100352,101376,102400,103424,104448,105472,106496,107520,108544,109568,110592,111616,112640,113664,114688,115712,116736,117760,118784,119808,120832,121856,122880,123904,124928,125952,126976,128000,129024,130048,131072,132096,133120,134144,135168,136192,137216,138240,139264,140288,141312,142336,143360,144384,145408,146432,147456,148480,149504,150528,151552,152576,153600,154624,155648,156672,157696,158720,159744,160768,161792,162816,163840,164864,165888,166912,167936,168960,169984,171008,172032,173056,174080,175104,176128,177152,178176,179200,180224,181248,182272,183296,184320,185344,186368,187392,188416,189440,190464,191488,192512,193536,194560,195584,196608,197632,198656,199680,200704,201728,202752,203776,204800,205824,206848,207872,208896,209920,210944,211968,212992,214016,215040,216064,217088,218112,219136,220160,221184,222208,223232,224256,225280,226304,227328,228352,229376,230400,231424,232448,233472,234496,235520,236544,237568,238592,239616,240640,241664,242688,243712,244736,245760,246784,247808,248832,249856,250880,251904,252928,253952,254976,256000,257024,258048,259072,260096,261120,262144,263168,264192,265216,266240,267264,268288,269312,270336,271360,272384,273408,274432,275456,276480,277504,278528,279552,280576,281600,282624,283648,284672,285696,286720,287744,288768,289792,290816,291840,292864,293888,294912,295936,296960,297984,299008,300032,301056,302080,303104,304128,305152,306176,307200,308224,309248,310272,311296,312320,313344,314368,315392,316416,317440,318464,319488,320512,321536,322560,323584,324608,325632,326656,327680,328704,329728,330752,331776,332800,333824,334848,335872,336896,337920,338944,339968,340992,342016,343040,344064,345088,346112,347136,348160,349184,350208,351232,352256,353280,354304,355328,356352,357376,358400,359424,360448,361472,362496,363520,364544,365568,366592,367616,368640,369664,370688,371712,372736,373760,374784,375808,376832,377856,378880,379904,380928,381952,382976,384000,385024,386048,387072,388096,389120,390144,391168,392192,393216,394240,395264,396288,397312,398336,399360,400384,401408,402432,403456,404480,405504,406528,407552,408576,409600,410624,411648,412672,413696,414720,415744,416768,417792,418816,419840,420864,421888,422912,423936,424960,425984,427008,428032,429056,430080,431104,432128,433152,434176,435200,436224,437248,438272,439296,440320,441344,442368,443392,444416,445440,446464,447488,448512,449536,450560,451584,452608,453632,454656,455680,456704,457728,458752,459776,460800,461824,462848,463872,464896,465920,466944,467968,468992,470016,471040,472064,473088,474112,475136,476160,477184,478208,479232,480256,481280,482304,483328,484352,485376,486400,487424,488448,489472,490496,491520,492544,493568,494592,495616,496640,497664,498688,499712,500736,501760,502784,503808,504832,505856,506880,507904,508928,509952,510976,512000,513024,514048,515072,516096,517120,518144,519168,520192,521216,522240,523264], 'delta':524288, 'length':2048, 'agg':25, 'wrap':1, 'stride_kernel':1024},
  {'name':'UNIFORM:512:1024:NR', 'kernel':'Gather', 'pattern':[0,1024,2048,3072,4096,5120,6144,7168,8192,9216,10240,11264,12288,13312,14336,15360,16384,17408,18432,19456,20480,21504,22528,23552,24576,25600,26624,27648,28672,29696,30720,31744,32768,33792,34816,35840,36864,37888,38912,39936,40960,41984,43008,44032,45056,46080,47104,48128,49152,50176,51200,52224,53248,54272,55296,56320,57344,58368,59392,60416,61440,62464,63488,64512,65536,66560,67584,68608,69632,70656,71680,72704,73728,74752,75776,76800,77824,78848,79872,80896,81920,82944,83968,84992,86016,87040,88064,89088,90112,91136,92160,93184,94208,95232,96256,97280,98304,99328,100352,101376,102400,103424,104448,105472,106496,107520,108544,109568,110592,111616,112640,113664,114688,115712,116736,117760,118784,119808,120832,121856,122880,123904,124928,125952,126976,128000,129024,130048,131072,132096,133120,134144,135168,136192,137216,138240,139264,140288,141312,142336,143360,144384,145408,146432,147456,148480,149504,150528,151552,152576,153600,154624,155648,156672,157696,158720,159744,160768,161792,162816,163840,164864,165888,166912,167936,168960,169984,171008,172032,173056,174080,175104,176128,177152,178176,179200,180224,181248,182272,183296,184320,185344,186368,187392,188416,189440,190464,191488,192512,193536,194560,195584,196608,197632,198656,199680,200704,201728,202752,203776,204800,205824,206848,207872,208896,209920,210944,211968,212992,214016,215040,216064,217088,218112,219136,220160,221184,222208,223232,224256,225280,226304,227328,228352,229376,230400,231424,232448,233472,234496,235520,236544,237568,238592,239616,240640,241664,242688,243712,244736,245760,246784,247808,248832,249856,250880,251904,252928,253952,254976,256000,257024,258048,259072,260096,261120,262144,263168,264192,265216,266240,267264,268288,269312,270336,271360,272384,273408,274432,275456,276480,277504,278528,279552,280576,281600,282624,283648,284672,285696,286720,287744,288768,289792,290816,291840,292864,293888,294912,295936,296960,297984,299008,300032,301056,302080,303104,304128,305152,306176,307200,308224,309248,310272,311296,312320,313344,314368,315392,316416,317440,318464,319488,320512,321536,322560,323584,324608,325632,326656,327680,328704,329728,330752,331776,332800,333824,334848,335872,336896,337920,338944,339968,340992,342016,343040,344064,345088,346112,347136,348160,349184,350208,351232,352256,353280,354304,355328,356352,357376,358400,359424,360448,361472,362496,363520,364544,365568,366592,367616,368640,369664,370688,371712,372736,373760,374784,375808,376832,377856,378880,379904,380928,381952,382976,384000,385024,386048,387072,388096,389120,390144,391168,392192,393216,394240,395264,396288,397312,398336,399360,400384,401408,402432,403456,404480,405504,406528,407552,408576,409600,410624,411648,412672,413696,414720,415744,416768,417792,418816,419840,420864,421888,422912,423936,424960,425984,427008,428032,429056,430080,431104,432128,433152,434176,435200,436224,437248,438272,439296,440320,441344,442368,443392,444416,445440,446464,447488,448512,449536,450560,451584,452608,453632,454656,455680,456704,457728,458752,459776,460800,461824,462848,463872,464896,465920,466944,467968,468992,470016,471040,472064,473088,474112,475136,476160,477184,478208,479232,480256,481280,482304,483328,484352,485376,486400,487424,488448,489472,490496,491520,492544,493568,494592,495616,496640,497664,498688,499712,500736,501760,502784,503808,504832,505856,506880,507904,508928,509952,510976,512000,513024,514048,515072,516096,517120,518144,519168,520192,521216,522240,523264], 'delta':524288, 'length':2048, 'agg':25, 'wrap':1, },
  {'name':'UNIFORM:512:1024:NR', 'kernel':'Gather', 'pattern':[0,1024,2048,3072,4096,5120,6144,7168,8192,9216,10240,11264,12288,13312,14336,15360,16384,17408,18432,19456,20480,21504,22528,23552,24576,25600,26624,27648,28672,29696,30720,31744,32768,33792,34816,35840,36864,37888,38912,39936,40960,41984,43008,44032,45056,46080,47104,48128,49152,50176,51200,52224,53248,54272,55296,56320,57344,58368,59392,60416,61440,62464,63488,64512,65536,66560,67584,68608,69632,70656,71680,72704,73728,74752,75776,76800,77824,78848,79872,80896,81920,82944,83968,84992,86016,87040,88064,89088,90112,91136,92160,93184,94208,95232,96256,97280,98304,99328,100352,101376,102400,103424,104448,105472,106496,107520,108544,109568,110592,111616,112640,113664,114688,115712,116736,117760,118784,119808,120832,121856,122880,123904,124928,125952,126976,128000,129024,130048,131072,132096,133120,134144,135168,136192,137216,138240,139264,140288,141312,142336,143360,144384,145408,146432,147456,148480,149504,150528,151552,152576,153600,154624,155648,156672,157696,158720,159744,160768,161792,162816,163840,164864,165888,166912,167936,168960,169984,171008,172032,173056,174080,175104,176128,177152,178176,179200,180224,181248,182272,183296,184320,185344,186368,187392,188416,189440,190464,191488,192512,193536,194560,195584,196608,197632,198656,199680,200704,201728,202752,203776,204800,205824,206848,207872,208896,209920,210944,211968,212992,214016,215040,216064,217088,218112,219136,220160,221184,222208,223232,224256,225280,226304,227328,228352,229376,230400,231424,232448,233472,234496,235520,236544,237568,238592,239616,240640,241664,242688,243712,244736,245760,246784,247808,248832,249856,250880,251904,252928,253952,254976,256000,257024,258048,259072,260096,261120,262144,263168,264192,265216,266240,267264,268288,269312,270336,271360,272384,273408,274432,275456,276480,277504,278528,279552,280576,281600,282624,283648,284672,285696,286720,287744,288768,289792,290816,291840,292864,293888,294912,295936,296960,297984,299008,300032,301056,302080,303104,304128,305152,306176,307200,308224,309248,310272,311296,312320,313344,314368,315392,316416,317440,318464,319488,320512,321536,322560,323584,324608,325632,326656,327680,328704,329728,330752,331776,332800,333824,334848,335872,336896,337920,338944,339968,340992,342016,343040,344064,345088,346112,347136,348160,349184,350208,351232,352256,353280,354304,355328,356352,357376,358400,359424,360448,361472,362496,363520,364544,365568,366592,367616,368640,369664,370688,371712,372736,373760,374784,375808,376832,377856,378880,379904,380928,381952,382976,384000,385024,386048,387072,388096,389120,390144,391168,392192,393216,394240,395264,396288,397312,398336,399360,400384,401408,402432,403456,404480,405504,406528,407552,408576,409600,410624,411648,412672,413696,414720,415744,416768,417792,418816,419840,420864,421888,422912,423936,424960,425984,427008,428032,429056,430080,431104,432128,433152,434176,435200,436224,437248,438272,439296,440320,441344,442368,443392,444416,445440,446464,447488,448512,449536,450560,451584,452608,453632,454656,455680,456704,457728,458752,459776,460800,461824,462848,463872,464896,465920,466944,467968,468992,470016,471040,472064,473088,474112,475136,476160,477184,478208,479232,480256,481280,482304,483328,484352,485376,486400,487424,488448,489472,490496,491520,492544,493568,494592,495616,496640,497664,498688,499712,500736,501760,502784,503808,504832,505856,506880,507904,508928,509952,510976,512000,513024,514048,515072,516096,517120,518144,519168,520192,521216,522240,523264], 'delta':524288, 'length':2048, 'agg':25, 'wrap':1, , 'morton':1} ]

config  time(s)      bw(MB/s)    
0       0.01541      557445      
1       0.01686      509557      
2       0.01792      479250      
3       0.01412      304107      
4       0.0142       302446      
5       0.0143       300287      
6       0.01416      151697      
7       0.01416      151610      
8       0.01417      151523      
9       0.007055     152187      
10      0.007068     151914      
11      0.00707      151877      
12      0.004098     131008      
13      0.00426      126021      
14      0.004288     125206      
15      0.002719     98708.1     
16      0.002691     99750.4     
17      0.002672     100458      
18      0.001568     85598       
19      0.001543     86961       
20      0.001549     86657.4     
21      0.001458     46026.5     
22      0.001417     47352.6     
23      0.001375     48799.3     
24      0.0004836    69382.4     
25      0.0004825    69548.1     
26      0.000482     69608.1     
27      0.0002425    69194.7     
28      0.0002417    69423.7     
29      0.0002423    69249.5     
30      0.0001309    64093.9     
31      0.0001305    64282.5     
32      0.0001308    64109.6     

Min         25%          Med          75%          Max         
46026.5      69382.4      99750.4      151877       557445      
H.Mean       H.StdErr    
96993.7      9008.12     
