[
    {'kernel':'Scatter', 'pattern':[0, 192, 192, 192, 192, 192, 192, 192, 192, 192, 192, 192, 192, 192, 192, 192], 'delta':0, 'count':577806},
    {'kernel':'Gather', 'pattern':[0, 64, 64, 64, 64, 64, 64, 64, 64, 64, 64, 64, 64, 64, 64, 64], 'delta':8, 'count':231198},
    {'kernel':'Scatter', 'pattern':[0, 64, 64, 64, 64, 64, 64, 64, 64, 64, 64, 64, 64, 64, 64, 64], 'delta':8, 'count':167805},
    {'kernel':'Scatter', 'pattern':[0, 192, 192, 192, 192, 192, 192, 192, 192, 192, 192, 192, 192, 192, 192, 192], 'delta':64, 'count':128002},
    {'kernel':'Gather', 'pattern':[0, 192, 192, 192, 192, 192, 192, 192, 192, 192, 192, 192, 192, 192, 192, 192], 'delta':32, 'count':96360},
    {'kernel':'Gather', 'pattern':[0, 192, 192, 192, 192, 192, 192, 192, 192, 192, 192, 192, 192, 192, 192, 192], 'delta':-32, 'count':96360},
    {'kernel':'Gather', 'pattern':[0, 192, 192, 192, 192, 192, 192, 192, 192, 192, 192, 192, 192, 192, 192, 192], 'delta':-8, 'count':96186},
    {'kernel':'Scatter', 'pattern':[0, 192, 192, 192, 192, 192, 192, 192, 192, 192, 192, 192, 192, 192, 192, 192], 'delta':8, 'count':88011},
    {'kernel':'Gather', 'pattern':[0, 8, 8, 8, 8, 8, 8, 8, 8, 8, 8, 8, 8, 8, 8, 8], 'delta':-8, 'count':76794},
    {'kernel':'Gather', 'pattern':[0, 8, 8, 8, 8, 8, 8, 8, 8, 8, 8, 8, 8, 8, 8, 8], 'delta':328, 'count':76794},
    {'kernel':'Gather', 'pattern':[0, 8, 8, 8, 8, 8, 8, 8, 8, 8, 8, 8, 8, 8, 8, 8], 'delta':8, 'count':76794},
    {'kernel':'Gather', 'pattern':[0, 192, 192, 192, 192, 192, 192, 192, 192, 192, 192, 192, 192, 192, 192, 192], 'delta':8, 'count':72270},

]

