[
    {'kernel':'Gather', 'pattern':[0,32, 32, 32, 32, 32, 32, 32, 32, 32, 32, 32, 32, 32, 32, 32], 'delta':8, 'count':1454647},
    {'kernel':'Gather', 'pattern':[0, 32, 32, -96, 160, 32, 32, -96, 160, 32, 32, -96, 160, 32, 32, -96], 'delta':8, 'count':1454647},
    {'kernel':'Gather', 'pattern':[0, -48, 16, 16, 80, -48, 16, 16, 80, -48, 16, 16, 80, -48, 16, 16], 'delta':8, 'count':1454647},
    {'kernel':'Gather', 'pattern':[0, 3856, -16, -3856, 32, 3856, -16, -3856, 32, 3856, -16, -3856, 32, 3856, -16, -3856], 'delta':8, 'count':1454647},
    {'kernel':'Gather', 'pattern':[0, 16, 3856, -16, -3840, 16, 3856, -16, -3840, 16, 3856, -16, -3840, 16, 3856, -16], 'delta':8, 'count':1454647},
    {'kernel':'Gather', 'pattern':[0, -3856, 16, 3856, 0, -3856, 16, 3856, 0, -3856, 16, 3856, 0, -3856, 16, 3856], 'delta':8, 'count':1454647},
    {'kernel':'Gather', 'pattern':[0, 32, 32, 32, 32, 32, 32, 32, 32, 32, 32, 32, 32, 32, 32, 32], 'delta':8, 'count':1454647},
    {'kernel':'Gather', 'pattern':[0, 0, 0, 0, 8, 0, 0, 0, 8, 0, 0, 0, 8, 0, 0, 0], 'delta':8, 'count':1454647},
    {'kernel':'Gather', 'pattern':[0, 0, 0, 0, 8, 0, 0, 0, 8, 0, 0, 0, 8, 0, 0, 0], 'delta':8, 'count':1454647},
    {'kernel':'Gather', 'pattern':[0, 32, 32, -96, 160, 32, 32, -96, 160, 32, 32, -96, 160, 32, 32, -96], 'delta':8, 'count':1454647},
    {'kernel':'Gather', 'pattern':[0, 0, 0, 0, 8, 0, 0, 0, 8, 0, 0, 0, 8, 0, 0, 0], 'delta':8, 'count':1454647},
    {'kernel':'Gather', 'pattern':[0, -48, 16, 16, 80, -48, 16, 16, 80, -48, 16, 16, 80, -48, 16, 16], 'delta':8, 'count':1454647},
    {'kernel':'Gather', 'pattern':[0, -48, 16, 16, 80, -48, 16, 16, 80, -48, 16, 16, 80, -48, 16, 16], 'delta':8, 'count':1454647},
    {'kernel':'Gather', 'pattern':[0, -3856, 16, 3856, 0, -3856, 16, 3856, 0, -3856, 16, 3856, 0, -3856, 16, 3856], 'delta':8, 'count':1454647},
    {'kernel':'Gather', 'pattern':[0, -12, 4, 4, 20, -12, 4, 4, 20, -12, 4, 4, 20, -12, 4, 4], 'delta':8, 'count':1454647},
    {'kernel':'Gather', 'pattern':[0, 0, 0, 0, 8, 0, 0, 0, 8, 0, 0, 0, 8, 0, 0, 0], 'delta':8, 'count':1454647},
]

